MIN=0	-0.2	0	-2	-20
MAX=35	0.2	1	2	20
SCALE=35	0.5	0.5	1	10
DEC=2	3	0	2	2
"Tiempo" t / s	"Recorrido" s_A1 / m	"Fuente" S_1	"Velocidad" v / m/s	"Aceleración" a / m/s^2
0	0.001	0		
0.0499889999999965	0.007	0	0.110026006233518	
0.0999759999999981	0.012	0	0.080021205633497	-0.597253814654813
0.149962000000002	0.015	0	0.0503167446245634	-0.499190163556944
0.198975000000004	0.017	0	0.0304186817978181	-0.503173203573186
0.249958000000007	0.018	0	-0.000389219383777916	-0.707451356318856
0.299948999999998	0.017	0	-0.0408128067906305	-0.706435118910181
0.348957999999996	0.014	0	-0.070525010868693	-0.584829790900913
0.398944	0.01	0	-0.0986657396129478	-0.373454557343727
0.449928999999997	0.004	0	-0.107850650878477	-0.116113626454862
0.500942000000009	-0.001	0	-0.110505510302564	-0.0345220740280144
0.549922000000009	-0.007	0	-0.111372436369226	0.301570415102348
0.599913999999998	-0.012	0	-0.0800056049279435	0.610642098230672
0.649923999999999	-0.015	0	-0.0503076099879567	0.497897026097418
0.698914000000002	-0.017	0	-0.0305200693768912	0.506179734966883
0.748897999999997	-0.018	0	-3.6016566029633E-06	0.60043246341891
0.798890999999998	-0.017	0	0.0295091853413234	0.592284302333709
0.849900000000005	-0.015	0	0.059822291726267	0.686550408888223
0.899886000000009	-0.011	0	0.0986604309682897	0.499415500105418
0.950874999999996	-0.005	0	0.109688390563253	0.0265116474820729
0.999887999999999	0	0	0.102047085869606	-0.106843083317226
1.048869	0.005	0	0.0992152706065704	-0.226052735635632
1.100858	0.01	0	0.078179342361261	-0.380758763101419
1.14986400000001	0.013	0	0.060622251708454	-0.484031328361097
1.199851	0.016	0	0.0300144040090652	-0.606249437005933
1.24986	0.016	0	0	-0.606138215220633
1.300844	0.016	0	-0.0312130444465092	-0.612316567400998
1.349851	0.013	0	-0.0612257425649456	-0.490530594106812
1.398842	0.01	0	-0.0792879613218436	-0.378029721920199
1.44982400000001	0.005	0	-0.0990564770889909	-0.201512660565794
1.499814	0	0	-0.10000100723022	-0.0197709953646816
1.549823	-0.005	0	-0.101033590172113	0.197550727738801
1.59881200000001	-0.01	0	-0.0808844661114019	0.41605413237702
1.649795	-0.013	0	-0.0594204768269012	0.404550616088041
1.699806	-0.016	0	-0.0399956028925283	0.596328473142117
1.748784	-0.017	0	-0.000815636643572676	0.708117034740024
1.7998	-0.016	0	0.0304297517849797	0.500216910026199
1.848787	-0.014	0	0.0496539898444214	0.476669004130812
1.899772	-0.011	0	0.0784267668100805	0.494459752820867
1.95078100000001	-0.006	0	0.100082562924524	0.218175511408787
1.999771	-0.001	0	0.101060941830208	-0.0993265343410832
2.049751	0.004	0	0.0900136200372486	-0.202315793177361
2.099763	0.008	0	0.0808321794419605	-0.296768211653873
2.148743	0.012	0	0.0608671416072714	-0.509061825897639
2.199758	0.014	0	0.0295070809978068	-0.502334047962369
2.24974400000001	0.015	0	0.00990193798002019	-0.49435680799668
2.298732	0.015	0	-0.019219545326269	-0.693271178717372
2.349721	0.013	0	-0.0598127468522104	-0.597955256547545
2.39972	0.009	0	-0.0799944016876964	-0.201950791036189
2.44972800000001	0.005	0	-0.0800056088578074	-0.100357127778398
2.499713	0.001	0	-0.0900248069059461	-0.100203035439007
2.5497	-0.004	0	-0.0900227057444566	0.100231063255943
2.599688	-0.008	0	-0.0800040059768712	0.300254095639172
2.64969500000001	-0.012	0	-0.0599950031140923	0.500048007130948
2.699685	-0.014	0	-0.0300041022452061	0.500033995990027
2.74969400000001	-0.015	0	-0.00999590062288168	0.506191890811376
2.79968000000001	-0.015	0	0.0206076764045691	0.507176656471974
2.848686	-0.013	0	0.0404144422473712	0.388648724313082
2.898674	-0.011	0	0.0590507785731031	0.482259511303007
2.94965000000001	-0.007	0	0.089323688686463	0.308224139540583
2.999663	-0.002	0	0.090722975835323	0.0141000528284991
3.04864500000001	0.002	0	0.0907478457418879	-0.109870298887355
3.098635	0.007	0	0.0796240808562465	-0.406478349270686
3.14964500000001	0.01	0	0.0493144284532725	-0.490129401215753
3.199637	0.012	0	0.029910276990342	-0.393087572384959
3.25062200000001	0.013	0	0.00961171148554853	-0.395105952495136
3.299618	0.013	0	-0.00960459917983956	-0.492101337198441
3.350628	0.012	0	-0.0400120412202739	-0.503399142458578
3.40061800000001	0.009	0	-0.0606351466770564	-0.306250537745078
3.449601	0.006	0	-0.0705344957909208	-0.294793175849271
3.49959200000001	0.002	0	-0.0900008034483583	-0.194739388705206
3.54959700000001	-0.003	0	-0.0900022045487364	0.194858567149972
3.599586	-0.007	0	-0.0705223512578096	0.402529811170758
3.648595	-0.01	0	-0.0501774916323574	0.311699544832331
3.700582	-0.012	0	-0.0396766613318434	0.298306698087982
3.74958600000001	-0.014	0	-0.0206093420371258	0.59867734221397
3.79957400000001	-0.014	0	0.0200042008781845	0.602424696009335
3.849563	-0.012	0	0.0396188517092879	0.303151385986674
3.90055600000001	-0.01	0	0.050436065146132	0.312962290564042
3.949564	-0.007	0	0.0705228860548987	0.309228693534898
3.99955300000001	-0.003	0	0.0808493471624085	0.102243447160556
4.048534	0.001	0	0.080850131152261	-0.107327847772959
4.098522	0.005	0	0.0700088045450399	-0.214322624711012
4.148526	0.008	0	0.0594196650659125	-0.302874144629195
4.199518	0.011	0	0.0392379188865034	-0.494025014152523
4.24850600000001	0.012	0	0.0104130624061177	-0.5001803226798
4.29951700000001	0.012	0	-0.010415279640371	-0.400047596252378
4.34849800000001	0.011	0	-0.0296213778930379	-0.393030603178444
4.399508	0.009	0	-0.0497186024767956	-0.400103384734549
4.449493	0.006	0	-0.0700174045412417	-0.208075349683635
4.499482	0.002	0	-0.070519143242518	0.00376675215733898
4.548497	-0.001	0	-0.0696711087220488	0.0138529710489847
4.599469	-0.005	0	-0.0691477933457329	0.0973852365128996
4.64947000000001	-0.008	0	-0.0600054019384342	0.291448012996043
4.69946	-0.011	0	-0.0400080040999501	0.500038981427276
4.749475	-0.012	0	-0.00999400179945884	0.399959993000082
4.79946	-0.012	0	0	0.399930018975568
4.84944400000001	-0.012	0	0.0299862022915161	0.500047994599484
4.89945400000001	-0.009	0	0.0499966046840728	0.300264097117129
4.949442	-0.007	0	0.060016404521251	0.195317814408745
4.99942800000001	-0.003	0	0.0695233283665188	0.0960362200766096
5.05044100000001	0	0	0.069520584566943	0.0102570985017363
5.10043	0.004	0	0.0705384110783568	-0.197001842954186
5.14940900000001	0.007	0	0.0504583435229582	-0.309271976632291
5.2004	0.009	0	0.0400340354920264	-0.30230510826332
5.249403	0.011	0	0.0206111953218313	-0.503280678489323
5.299397	0.011	0	-0.0100033009912823	-0.501266134051051
5.349384	0.01	0	-0.029507449279699	-0.299176882235093
5.400398	0.008	0	-0.0400316155393253	-0.201245542182284
5.449387	0.006	0	-0.0496526697922642	-0.300071923679572
5.500373	0.003	0	-0.070453843368243	-0.210052624715804
5.54938200000001	-0.001	0	-0.0714243067522513	0.106069744826218
5.59837400000001	-0.004	0	-0.0600631811937031	0.221394047635257
5.649356	-0.007	0	-0.0493333112532993	0.198440990311612
5.699347	-0.009	0	-0.0400024012962122	0.293369100012413
5.74935000000001	-0.011	0	-0.0199955999439694	0.400064003999736
5.79933700000001	-0.011	0	0	0.406143414609069
5.849349	-0.011	0	0.0206186418207126	0.404248079696573
5.898346	-0.009	0	0.0400403251908297	0.382805891592892
5.949327	-0.007	0	0.0588358358260673	0.290458201623047
6.00031800000001	-0.003	0	0.0696573644018511	0.00403245200311183
6.049329	0	0	0.0600475221011048	-0.0997947839937861
6.100317	0.003	0	0.0600663567877503	-0.0939039825850017
6.149299	0.006	0	0.0510307255794633	-0.301556102700139
6.198308	0.008	0	0.0305102482495416	-0.317384914295533
6.24829	0.009	0	0.0198116082370825	-0.30415540306521
6.299279	0.01	0	-0.000383927607583239	-0.394120900885232
6.349289	0.009	0	-0.0199980005998605	-0.291295573738214
6.399289	0.008	0	-0.0295184158842775	-0.299366969637027
6.450277	0.006	0	-0.0504479016364502	-0.313474265869374
6.49927100000001	0.003	0	-0.0612394890586779	-0.0979948056350681
6.548253	0	0	-0.0600519748014325	0.0184650966933658
6.599267	-0.003	0	-0.0594170254024469	0.101188482698279
6.649255	-0.006	0	-0.0500120028806923	0.295138852496856
6.699243	-0.008	0	-0.0299102234852218	0.301134068379309
6.75025100000001	-0.009	0	-0.0198068045659037	0.197103458149375
6.800239	-0.01	0	-0.0100016001279481	0.30118206063096
6.850219	-0.01	0	0.0103000833113896	0.405182373019685
6.899235	-0.009	0	0.0301117697787498	0.394442697486207
6.949218	-0.007	0	0.0493304822942674	0.298339320315257
7.000208	-0.004	0	0.0600607002078775	0.109016774515195
7.04919700000001	-0.001	0	0.0606277928052602	-0.000373647093464406
7.099193	0.002	0	0.0599994009779757	-0.106264977827861
7.149198	0.005	0	0.0499995020752522	-0.299997988729241
7.19918800000001	0.007	0	0.0300041022452005	-0.300031995489261
7.249197	0.008	0	0.0200004016080963	-0.200027015676777
7.29918600000001	0.009	0	0.0100018002920332	-0.400166079086489
7.349171	0.009	0	-0.0200042008461584	-0.50017908860039
7.399159	0.007	0	-0.0400020029884356	-0.200064034515034
7.44916600000001	0.005	0	-0.0400020029884356	-0.0999890050103424
7.499154	0.003	0	-0.0499966046840728	-0.199965993221423
7.549164	0	0	-0.0599982035216858	-6.9021198936522E-05
7.59915700000001	-0.003	0	-0.0500103032362497	0.199928013411796
7.64913900000001	-0.005	0	-0.0400104035053263	0.200118043236537
7.69913100000001	-0.007	0	-0.0300037010211553	0.200088038799271
7.749134	-0.008	0	-0.0200026017826076	0.20000498883573
7.79911800000001	-0.009	0	-0.0100058020126507	0.299846252722982
7.84912800000001	-0.009	0	0.00998541776790979	0.400118666805255
7.89918	-0.008	0	0.0300309034729012	0.300310300125141
7.949108	-0.006	0	0.0400352561576385	0.193011662708232
7.999092	-0.004	0	0.0493142594945082	0.0968848251037636
8.050106	-0.001	0	0.0496357113532666	0.0101870641644711
8.099091	0.001	0	0.0503175006675899	-0.0950769612300513
8.149089	0.004	0	0.0400016007403457	-0.208039270863644
8.199074	0.005	0	0.0295171547815421	-0.104872147354427
8.250068	0.007	0	0.0296254995633407	-0.200014846786351
8.29907800000001	0.008	0	0.0103013563324662	-0.400138544736366
8.349052	0.008	0	-0.00999320142354164	-0.398298754724449
8.399066	0.007	0	-0.0295231150191875	-0.299260692280407
8.450041	0.005	0	-0.0400382142414364	-0.208061893866397
8.499048	0.003	0	-0.0503186793432581	-0.100019042318659
8.54903400000001	0	0	-0.0497223497357067	0.100111061601962
8.60002800000001	-0.002	0	-0.0400298987311848	0.0891379381820412
8.649038	-0.004	0	-0.040415490313306	0.0990970049657525
8.69901900000001	-0.006	0	-0.0300104040736532	0.204222855550597
8.74901	-0.007	0	-0.0199990021656811	0.200155067717373
8.799024	-0.008	0	-0.00999390154255875	0.297156095467164
8.84900500000001	-0.008	0	0.00970871444869716	0.400195992887304
8.899992	-0.007	0	0.0304252685128054	0.200023384417295
8.948992	-0.005	0	0.0305122638246628	0.0948163642875263
8.999003	-0.004	0	0.0400032011558257	0.192050562929629
9.04899900000001	-0.001	0	0.0497185962747787	0.00414883713895556
9.099981	0.001	0	0.0400434200635616	-0.0891406035242864
9.14897000000001	0.003	0	0.0404138276546861	-0.0992610958861814
9.198978	0.005	0	0.0299969016689567	-0.204080859657904
9.248969	0.006	0	0.0200058021669071	-0.199971006896727
9.29894900000001	0.007	0	0.0100056026251415	-0.303124377128022
9.34894500000001	0.007	0	-0.0103026583799118	-0.400242494002697
9.39795799999999	0.006	0	-0.0296335993313339	-0.200018894011756
9.44893400000001	0.004	0	-0.0295239077750698	-0.00380979721358893
9.49893600000001	0.003	0	-0.0300068027368296	-0.108949540390225
9.548922	0.001	0	-0.0404143775830802	-0.198101003268087
9.59792999999999	-0.001	0	-0.0496371928201552	0.00412863330098253
9.64893000000001	-0.004	0	-0.0392197122189815	0.293164913939202
9.69891200000001	-0.005	0	-0.0202120086118508	0.190222288760936
9.74790100000001	-0.006	0	-0.0200194953540771	0.10107814002381
9.79889500000002	-0.007	0	-0.00970837581577652	0.299170931178375
9.848893	-0.007	0	0.0100031007991866	0.29710291866137
9.89888200000001	-0.006	0	0.0199998021179383	0.200065037312306
9.948894	-0.005	0	0.0300098085990993	0.200134031812265
9.99887200000001	-0.003	0	0.0400112051865964	0.0999539739341594
10.048866	-0.001	0	0.0399992015839099	-0.000128068519387366
10.098874	0.001	0	0.0399984012158655	-0.0999820008385584
10.14887	0.003	0	0.0300030004681008	-0.201916532243114
10.19886	0.004	0	0.0198095987318509	-0.201975672801323
10.249851	0.005	0	0.00961120395459567	-0.19802085224369
10.298859	0.005	0	0	-0.0990125158141031
10.348831	0.005	0	0	-0.0990290606433652
10.397841	0.005	0	-0.00961339651193551	-0.295057028787441
10.448825	0.004	0	-0.0299022743778609	-0.298966713582034
10.498833	0.002	0	-0.0399980010678458	-0.00201480180429403
10.54883	0	0	-0.0301081612321649	0.102827647669877
10.597816	-0.001	0	-0.0296297021593766	-0.0910114456353319
10.648807	-0.003	0	-0.039619605529931	0.0991474105873225
10.698796	-0.005	0	-0.0202032920435628	0.291263191240657
10.749789	-0.005	0	-0.0104042991748349	0.0952369315984917
10.798799	-0.006	0	-0.0103023768632918	0.202163398908078
10.848783	-0.006	0	0.0100023005111024	0.303109893822158
10.89877	-0.005	0	0.0199992036315645	0.102093821504687
10.948787	-0.004	0	0.0202062154999724	0.0992868774058105
10.997771	-0.003	0	0.0296341578545295	0.194090272837958
11.048753	-0.001	0	0.0396152510470096	-0.001112015637332
11.098761	0.001	0	0.0299017311039184	-0.194058197613716
11.149751	0.002	0	0.0200161204225714	-0.0930294786442393
11.198759	0.003	0	0.0202069926589329	-2.78968484945041E-05
11.248746	0.004	0	0.020005601584451	-0.102043401249146
11.298731	0.005	0	0.0100059017995429	-0.300054013072458
11.348745	0.005	0	-0.0100053013513559	-0.300054014233758
11.398732	0.004	0	-0.020005201352351	-0.099981001229143
11.448719	0.003	0	-0.0200008019682328	-0.105109482141254
11.498728	0.002	0	-0.0305203588367982	-0.103194863900306
11.547713	0	0	-0.0304336878783129	0.0107725071236067
11.598695	-0.001	0	-0.0294067719806582	0.00799013803965757
11.649709	-0.003	0	-0.0296195037678392	0.0959486599417507
11.69869	-0.004	0	-0.0202113569815493	0.198094342076198
11.748684	-0.005	0	-0.010000800031995	0.202145745949415
11.798674	-0.005	0	0	0.101027404449399
11.849673	-0.005	0	0	0.103031344382842
11.898684	-0.005	0	0.00990249649301161	0.202064242821459
11.948676	-0.004	0	0.0200050015745556	0.196225203734733
11.998659	-0.003	0	0.0295202166570611	0.0971814032207067
12.049647	-0.001	0	0.0296283148382749	0.00102930339770649
12.098657	0	0	0.0296273763166039	2.27038745664184E-05
12.149647	0.002	0	0.0296307543134086	-0.100033250883164
12.198628	0.003	0	0.0200212286678184	-0.199145238259046
12.249622	0.004	0	0.00970906208417518	-0.198153011732764
12.299627	0.004	0	0	-0.0960885100381829
12.34862	0.004	0	0	-0.0961250382870143
12.398606	0.004	0	-0.00970719913432716	-0.299166773389651
12.4496	0.003	0	-0.0304236107918445	-0.200012682882105
12.498602	0.001	0	-0.0305132762198801	0.103181392506909
12.548591	0	0	-0.0200002017660536	0.107106893169002
12.598601	-0.001	0	-0.0198070293565721	-9.55500727329727E-05
12.649584	-0.002	0	-0.0200176292941697	-0.00399288877579193
12.698591	-0.003	0	-0.0202068127198164	0.0990939070029404
12.74858	-0.004	0	-0.0100035008872031	0.202086841400215
12.798582	-0.004	0	0	0.100022004390859
12.848575	-0.004	0	0	0.101060853487338
12.899564	-0.004	0	0.0104086456874243	0.202044183028345
12.948559	-0.003	0	0.0202093612089366	0.0970580908423951
12.998548	-0.002	0	0.0198090489891123	-0.00204486480391044
13.049543	-0.001	0	0.0200149811468164	0.00397671864847187
13.098552	0	0	0.0202069765263522	-4.43197430325093E-06
13.148538	0.001	0	0.0200068024569344	-0.00206218116229328
13.198518	0.002	0	0.0200008052166232	-0.100064021040557
13.248534	0.003	0	0.00999360204734452	-0.200008006080707
13.298518	0.003	0	0	-0.0999730099871914
13.348507	0.003	0	0	-0.0999700077079848
13.398497	0.003	0	-0.00999510134264473	-0.200000007140441
13.44851	0.002	0	-0.0200006033823032	-0.100052018651804
13.498494	0.001	0	-0.0200058017185171	0.00195144740410085
13.548481	0	0	-0.0198055029008132	-4.84273699490632E-05
13.599497	-0.001	0	-0.0200191250388787	-0.00403078426041414
13.648469	-0.002	0	-0.0202091601991042	0.0980971097212145
13.698484	-0.003	0	-0.0100937958751769	0.200116500031967
13.749477	-0.003	0	0	-0.00607811624840095
13.797458	-0.003	0	-0.00950263531936528	-0.00405528568149068
13.848466	-0.004	0	0.000810061452481027	0.199041100114917
13.89745	-0.003	0	0.0104123287068747	0.0970005956172313
13.948441	-0.003	0	0.0101020541321699	0.0969794364387923
13.998428	-0.002	0	0.0200002025020758	0.0990259749917598
14.04844	-0.001	0	0.0199996019438802	0.00208625909274934
14.09843	0	0	0.0202087402804108	-0.0989305660857351
14.147427	0.001	0	0.0104095128201983	-0.10494651065604
14.198431	0.001	0	0.0101033289082683	0.0970786207070092
14.248418	0.002	0	0.0200060018645952	-0.00100850423846861
14.298401	0.003	0	0.0100041015835882	-0.200114048318034
14.348391	0.003	0	0	-0.202099396509523
14.399401	0.003	0	-0.0104120123910737	-0.20004401485212
14.448392	0.002	0	-0.0200207230864174	-0.100026150387232
14.499377	0.001	0	-0.0200211562126958	0.101076562668509
14.548366	0	0	-0.0103113274793033	0.103162460199789
14.598373	0	0	-0.0100040009522171	-0.0969317197386462
14.648362	-0.001	0	-0.0200004016080964	-0.102068381473934
14.698371	-0.002	0	-0.0202067180344199	0.0989575649330317
14.74736	-0.003	0	-0.0104119456544176	0.201998639638207
14.798363	-0.003	0	0	0.101047051773366
14.848352	-0.003	0	0	0.0980791821640624
14.899342	-0.003	0	0.0101022581997108	0.0960741755639338
14.949328	-0.002	0	0.0099040812896301	-0.00197811919124668
14.998337	-0.002	0	0.00990259054710322	0.000959148515500531
15.048328	-0.001	0	0.0100009999719389	0.000972185051737181
15.098311	-0.001	0	0.00999979971591457	0.0999800001953557
15.148306	0	0	0.0199992008159021	2.20123623928172E-05
15.198315	0.001	0	0.00999640064787883	-0.0968390445262389
15.248306	0.001	0	0.0103115825173775	0.0041613675244133
15.297289	0.002	0	0.0104125453765957	-0.0990027415249615
15.348279	0.002	0	0	-0.202103583558708
15.398289	0.002	0	-0.010004000800159	-0.0999969987096549
15.448279	0.001	0	-0.0100037007911567	0.00292072996077123
15.498286	0.001	0	-0.00971183744864963	0.00391014866355388
15.549271	0	0	-0.00961261174661176	-0.00204988324385447
15.598276	0	0	-0.00990128815558874	-0.0039561352325879
15.64827	-0.001	0	-0.010000399887957	-0.000979151515552936
15.698256	-0.001	0	-0.00999919977596575	1.40064420328369E-05
15.748254	-0.002	0	-0.00999899970794604	0.100038010202438
15.798238	-0.002	0	0	0.100036009722396
15.848236	-0.002	0	0	0
15.898225	-0.002	0	0	0
15.94922	-0.002	0	0	0.106217165749235
15.998232	-0.002	0	0.0102093933558254	0.107195823934763
16.047219	-0.001	0	0.0105101376669193	-0.0949172883602677
16.099207	-0.001	0	0	0.00911453994986369
16.148194	-0.001	0	0.0101989808144511	0.204239517431478
16.197206	0	0	0.0200150705090495	0.00305161712908164
16.248197	0.001	0	0.00970776443057052	-0.198140994447403
16.29818	0.001	0	0	-0.0971203753281782
16.348173	0.001	0	0	0
16.398165	0.001	0	0	0
16.44816	0.001	0	0	-0.101063687565993
16.49917	0.001	0	-0.0104151796233677	-0.0989625850640882
16.548151	0	0	-0.0103138450900815	0.103100292880843
16.598158	0	0	0	0.00304649062946713
16.648149	0	0	-0.0100027007111777	-0.100051018635954
16.698137	-0.001	0	-0.0100036010082564	0.100014998107877
16.748137	-0.001	0	0	0.100019001069281
16.79812	-0.001	0	0	0
16.848132	-0.001	0	0	0
16.898116	-0.001	0	0	0
16.94811	-0.001	0	0	0
16.997098	-0.001	0	0	0.0970389153920704
17.048114	-0.001	0	0.0101060164308317	0.0959831204015567
17.098096	0	0	0.00990313065194211	-0.104101474164493
17.147084	0	0	0	-0.00606448304612597
17.198087	0	0	0.0101032308602283	0.0970565841912518
17.248074	0.001	0	0.0100050013483565	-0.10098678651873
17.298085	0.001	0	0	-0.100009002570645
17.348077	0.001	0	0	0
17.398067	0.001	0	0	-0.0999880022497073
17.448056	0.001	0	-0.00999650050292154	-0.0999990018098654
17.498064	0	0	-0.00999580041191074	0.100027000970432
17.548046	0	0	0	0.100989297267965
17.599033	0	0	0	-0.103056697294458
17.648041	0	0	-0.00990517208480284	-0.103059669054097
17.698023	-0.001	0	-0.0100070025889333	0.0989849820015384
17.748039	-0.001	0	0	0.100010004201466
17.798027	-0.001	0	0	0.100050018756251
17.848014	-0.001	0	0.0100023005271264	0.101046724130313
17.898002	0	0	0.0101019481403289	-0.097059862755481
17.948995	0	0	0	0.00594238078467396
17.998003	0	0	0.00990189232042057	0.103008707560498
18.047996	0.001	0	0.0100009000309846	-0.0990478446171261
18.097984	0.001	0	0	-0.100038010832773
18.147977	0.001	0	0	0
18.197965	0.001	0	0	0
18.246976	0.001	0	0	-0.0971026820744997
18.297959	0.001	0	-0.0101003631940651	-0.0981077884714632
18.347949	0	0	-0.0101029126705715	0.0980057890113146
18.398958	0	0	0	0.0970332584420878
18.44795	0	0	0	0
18.497934	0	0	0	0
18.547929	0	0	0	0
18.598938	0	0	0	0
18.647922	0	0	0	0
18.696929	0	0	0	0.0971122120008417
18.747917	0	0	0.0101032707319836	0.0960864220422003
18.797899	0.001	0	0.00990517208479994	-0.104013221577381
18.846907	0.001	0	0	-0.103052734670944
18.89789	0.001	0	0	0
18.946906	0.001	0	0	-0.0971096654454086
18.997888	0.001	0	-0.0101002651110533	-0.0980899242917173
19.047878	0	0	-0.0101008535799727	0.0980663808262465
19.098866	0	0	0	0.0970889784375865
19.147873	0	0	0	0
19.198861	0	0	0	0
19.24787	0	0	0	0
19.297846	0	0	0	0
19.347843	0	0	0	0
19.398858	0	0	0	0
19.447827	0	0	0	0
19.498834	0	0	0	0
19.54782	0	0	0	0
19.597831	0	0	0	0
19.648821	0	0	0	0
19.697802	0	0	0	0
19.747816	0	0	0	0
19.797803	0	0	0	0
19.847794	0	0	0	0
19.897794	0	0	0	0
19.947787	0	0	0	0.0990642455056618
19.996772	0	0	0.00960748076686238	0.101013154804294
20.047768	0.001	0	0.00970897917161423	-0.0970325129989818
20.097778	0.001	0	0	-0.0970499926574002
20.147767	0.001	0	0	0
20.197758	0.001	0	0	0
20.24775	0.001	0	0	-0.0990182292177414
20.296737	0.001	0	-0.00960369920684345	-0.100003118900907
20.347747	0	0	-0.00960339917983948	0.100014882359208
20.396731	0	0	0	0.0999927881339428
20.447721	0	0	0	0
20.497731	0	0	0	0
20.546716	0	0	0	0
20.598703	0	0	0	0
20.648714	0	0	0	0
20.697695	0	0	0	
20.747686	0	0		
