MIN=0	-0.2	0	-2	-20
MAX=35	0.2	1	2	20
SCALE=35	0.5	0.5	1	10
DEC=2	3	0	2	2
"Tiempo" t / s	"Recorrido" s_A1 / m	"Fuente" S_1	"Velocidad" v / m/s	"Aceleración" a / m/s^2
0	0.003	0		
0.0500100000000003	0.015	0	0.227961764035093	
0.100998000000004	0.026	0	0.190488859399474	-1.07095945739788
0.148980000000002	0.034	0	0.123929531251562	-1.42767325027231
0.19997	0.038	0	0.0489378948814534	-1.62631337866845
0.249981000000005	0.039	0	-0.0400280047896011	-1.68930672809247
0.299969000000004	0.034	0	-0.119995210188571	-1.40012002206289
0.349978	0.027	0	-0.180027421337986	-1.10090151065115
0.399964000000004	0.016	0	-0.230084433918551	-0.699950335033476
0.449942	0.004	0	-0.250002079768317	-0.0992357510801243
0.499960000000002	-0.009	0	-0.239983659100511	0.399670141090679
0.549943000000006	-0.02	0	-0.210048617274611	0.799708246814249
0.599938000000002	-0.03	0	-0.160025608131221	1.30049522000984
0.649921000000006	-0.036	0	-0.08003490374411	1.60053060437102
0.698938000000005	-0.038	0	-0.00157340814679081	1.60062117803404
0.749921000000001	-0.036	0	0.0800268992499153	1.60006826422386
0.799909	-0.03	0	0.159988013248483	1.32369815141685
0.849918000000002	-0.02	0	0.212381152725624	0.698601105596741
0.898906000000004	-0.009	0	0.229852957722212	0.257062108760218
0.949888000000001	0.003	0	0.237674392826176	-0.120080426549811
0.999903000000003	0.015	0	0.218249119892737	-0.674546373431688
1.050884	0.025	0	0.16898971214873	-1.06921527276835
1.099873	0.032	0	0.11176194386015	-1.30435218337257
1.149881	0.036	0	0.0395823453839048	-1.51854449846518
1.198871	0.036	0	-0.0384194089000304	-1.59228035885814
1.249878	0.032	0	-0.119641254898637	-1.39856618431962
1.299866	0.024	0	-0.180058620805823	-0.88199095528611
1.349847	0.014	0	-0.207817581437544	-0.501291078129624
1.40084	0.003	0	-0.230565380854579	-0.23941732982833
1.449852	-0.009	0	-0.232563468639773	0.301485292138941
1.499842	-0.02	0	-0.200041608693816	0.925538485314315
1.549831	-0.029	0	-0.140029606353373	1.30054717215789
1.599822	-0.034	0	-0.0700125022414054	1.5005541577909
1.649814	-0.036	0	0.0100004999269628	1.60034109171986
1.699807	-0.033	0	0.0899976014641271	1.37984269544394
1.74981	-0.027	0	0.147974843192701	0.998871554321437
1.800799	-0.018	0	0.190555804380256	0.709274894512939
1.849805	-0.008	0	0.219388108569583	0.400498209760721
1.900795	0.004	0	0.229843569896887	-0.184327848667938
1.949779	0.015	0	0.202491568235395	-0.714077463329388
1.999791	0.024	0	0.158829297716975	-1.02886361504702
2.050778	0.031	0	0.0982705459354364	-1.28056584121115
2.100763	0.034	0	0.0297122200271925	-1.39332481932791
2.149769	0.034	0	-0.0396139079520081	-1.51032722669316
2.199756	0.03	0	-0.119989209204725	-1.38268243508785
2.24976400000001	0.022	0	-0.177865775912168	-0.801266586247748
2.300756	0.012	0	-0.2002094753965	-0.33740631393889
2.34974	0.002	0	-0.211995050176595	-0.121093362392439
2.399739	-0.009	0	-0.211950546743246	0.306346229877831
2.448745	-0.019	0	-0.182265853573377	0.829790898917365
2.498733	-0.027	0	-0.129361773583156	1.22099152656303
2.549714	-0.032	0	-0.0586573169540646	1.37994338479903
2.599707	-0.033	0	0.00999020089971027	1.3711343732642
2.64971600000001	-0.031	0	0.078458798367662	1.39877830959816
2.700703	-0.025	0	0.151319783084768	1.12104536538323
2.74970800000001	-0.016	0	0.191751414987196	0.621098016449763
2.799705	-0.006	0	0.212400990319852	0.204481822355866
2.848694	0.005	0	0.212408420195371	-0.237681748223586
2.898687	0.015	0	0.188392312275807	-0.634803932897553
2.949671	0.024	0	0.147998740508561	-1.07881736158367
2.999659	0.03	0	0.0800271740231521	-1.2833167331301
3.048664	0.032	0	0.0208105618962722	-1.30138072206428
3.099651	0.032	0	-0.0504766012030899	-1.39425343439451
3.149659	0.027	0	-0.120009608112709	-1.0951496857887
3.199649	0.02	0	-0.160000007936791	-0.800079996959098
3.249655	0.011	0	-0.200014411073429	-0.500515260280885
3.29964500000001	0	0	-0.210059120026622	0.0190268272272209
3.349626	-0.01	0	-0.198116239073767	0.504833789271236
3.400616	-0.02	0	-0.15854357489892	0.980378650882957
3.449623	-0.026	0	-0.100875781988085	1.00001858057038
3.500612	-0.03	0	-0.059260348215961	1.19993897348883
3.549602	-0.032	0	0.0175886643481275	1.58620866031629
3.600614	-0.028	0	0.0994360912872584	1.2229151924137
3.650599	-0.022	0	0.141875262650799	0.7459187802899
3.699594	-0.014	0	0.173469286537782	0.586612667844528
3.748598	-0.005	0	0.199361669266291	0.253451294056281
3.799594	0.006	0	0.197696866921581	-0.310190966810729
3.849581	0.015	0	0.168592200229395	-0.679181143768634
3.900566	0.023	0	0.128923171882526	-0.881413572169787
3.949575	0.028	0	0.0808566971223606	-1.10026613259438
4.000564	0.031	0	0.018415988786348	-1.41454477191761
4.049548	0.03	0	-0.0598128518023219	-1.31672351215559
4.099538	0.025	0	-0.111335639360541	-0.996622438277075
4.148546	0.019	0	-0.158542676784969	-0.870983779397704
4.199536	0.009	0	-0.198059129550977	-0.302281312678715
4.249545	-0.001	0	-0.189991308900147	0.180177405516879
4.299539	-0.01	0	-0.180041413883206	0.399574953833104
4.349522	-0.019	0	-0.15004741542514	0.794277107613536
4.399509	-0.025	0	-0.100635977828038	1.09745550125184
4.44851600000001	-0.029	0	-0.0416173925953456	1.30527270709927
4.4995	-0.029	0	0.0302868893875159	1.21274571907178
4.549506	-0.026	0	0.0812405663084023	0.995923832281853
4.598498	-0.021	0	0.128927583090362	0.877344834236777
4.64948800000001	-0.013	0	0.168567743719569	0.601736832466675
4.69948400000001	-0.004	0	0.190040414037138	0.214616093510898
4.749468	0.006	0	0.190030217050035	-0.287790708135319
4.79947	0.015	0	0.161255017308049	-0.700805004107507
4.84845600000001	0.022	0	0.120911002503243	-0.920144522594021
4.899469	0.027	0	0.0688419237660202	-1.10014449309566
4.948452	0.029	0	0.0112170722265283	-1.2728812338947
4.999444	0.028	0	-0.0588098843445471	-1.29539800978606
5.050453	0.023	0	-0.120912171298576	-0.913818495894558
5.09944	0.016	0	-0.151391734957693	-0.576232165163649
5.149421	0.008	0	-0.177848411079917	-0.281797386197631
5.20044	-0.002	0	-0.17933404738431	0.185414585516111
5.24942100000001	-0.01	0	-0.160163927396994	0.399710687996181
5.30041900000001	-0.018	0	-0.139337069217166	0.697542310889705
5.34939900000001	-0.024	0	-0.0915689880771734	1.10199319287594
5.399408	-0.027	0	-0.0299883019166529	1.20698067652164
5.449396	-0.027	0	0.029126483696322	1.18536112743602
5.500385	-0.024	0	0.0897115331604475	1.01079299786909
5.550389	-0.018	0	0.131555613928072	0.741393043868559
5.599379	-0.011	0	0.163296549117605	0.496044830489808
5.64837	-0.002	0	0.180158278738025	0.0756782647406021
5.699372	0.007	0	0.169761766911346	-0.399959446840807
5.748354	0.015	0	0.140945344982324	-0.609574846035147
5.799356	0.021	0	0.108726339053777	-0.80487695711812
5.849364	0.026	0	0.0599856042242181	-1.09149521877366
5.899348	0.027	0	-0.000408844057137138	-1.21018877768083
5.948331	0.026	0	-0.0597793567345945	-1.09676854478308
5.998345	0.021	0	-0.108745399250295	-0.788699945305234
6.04932700000001	0.015	0	-0.139062818868849	-0.607165984326454
6.09932000000001	0.007	0	-0.170029505424055	-0.309341043664925
6.14931	-0.002	0	-0.169993524858218	0.186865004697006
6.199327	-0.01	0	-0.151331642341308	0.39908697124707
6.248314	-0.017	0	-0.130535278309519	0.716980761761962
6.299304	-0.023	0	-0.0784545401440778	1.09604640092564
6.349293	-0.025	0	-0.0200056014243425	1.08459713288594
6.39928800000001	-0.025	0	0.029986803862962	1.08549237013051
6.44930100000001	-0.022	0	0.0885553996757592	0.999022735993316
6.500286	-0.016	0	0.130548397194075	0.60358293431366
6.54926800000001	-0.009	0	0.149757985012575	0.283491390248054
6.60026000000001	-0.001	0	0.158444286936261	0.100147052114858
6.650269	0.007	0	0.160009619011361	-0.184167208228826
6.700254	0.015	0	0.140039011109226	-0.696977675399388
6.750242	0.021	0	0.0903288851411568	-1.00250583217547
6.799255	0.024	0	0.0408055039136259	-1.01860004827231
6.84824	0.025	0	-0.00949142405581008	-1.00891604666483
6.898228	0.023	0	-0.0590137374719687	-0.8924048729605
6.949243	0.019	0	-0.0994230543904922	-0.802394830900581
6.999236	0.013	0	-0.140041215998646	-0.606341798998799
7.04921700000001	0.005	0	-0.160046416054165	-0.199681982379926
7.099207	-0.003	0	-0.16000001280001	0.20040417234552
7.149217	-0.011	0	-0.139998018186621	0.499756896361927
7.199201	-0.017	0	-0.110032509800004	0.700026040105919
7.249188	-0.022	0	-0.0700151117688991	1.00035213471826
7.29920600000001	-0.024	0	-0.00997990337259328	1.10013206012726
7.349191	-0.023	0	0.0400080017003942	0.999974082362167
7.39918100000001	-0.02	0	0.0899925046711576	0.812447432228891
7.449188	-0.014	0	0.121243933448774	0.495854303563295
7.498176	-0.008	0	0.139339999912217	0.372241529760067
7.549167	0	0	0.158471893642043	0.00968863520501432
7.59916	0.008	0	0.141040820957177	-0.38835561142508
7.648166	0.014	0	0.120102642022512	-0.521100612414123
7.699153	0.02	0	0.0885550859537643	-0.894678804516303
7.749158	0.023	0	0.0302839704937785	-0.98666610241357
7.80012900000001	0.023	0	-0.0107260449087649	-0.900249622445157
7.848139	0.022	0	-0.0582735118651755	-0.993966129916318
7.899135	0.017	0	-0.109156824745934	-0.704531937095454
7.949116	0.011	0	-0.130004423277031	-0.408564758558727
7.999127	0.004	0	-0.150009519187015	-0.200321098585948
8.04911300000001	-0.004	0	-0.150045914317544	0.210644041512451
8.099096	-0.011	0	-0.128952913195889	0.602102609741333
8.150103	-0.017	0	-0.088866950553835	0.7821677253831
8.199088	-0.02	0	-0.0507276379315085	0.801463807731219
8.249098	-0.022	0	-0.00947866245192728	0.910560048923404
8.298088	-0.021	0	0.039244669922984	0.895424948979231
8.349071	-0.018	0	0.0796364793619807	0.784233583033178
8.399059	-0.013	0	0.118445336432667	0.602434241051654
8.450064	-0.006	0	0.140120749894151	0.22199493818072
8.49905400000001	0.001	0	0.141445538008163	-0.0996649398665413
8.549063	0.008	0	0.129993106146398	-0.314213408676895
8.59905700000001	0.014	0	0.110025810296668	-0.599879035712315
8.649037	0.019	0	0.0700264122294664	-0.799391297205381
8.69903300000001	0.021	0	0.0301058953091565	-0.905375864871344
8.748044	0.022	0	-0.01940361431525	-1.00262006906996
8.798037	0.019	0	-0.0691425226524856	-0.687980944520797
8.84902	0.015	0	-0.0882594264661413	-0.50737151285191
8.90000800000001	0.01	0	-0.120881027307166	-0.527488913915715
8.94902200000001	0.003	0	-0.141444154206487	-0.109916350025544
8.999006	-0.004	0	-0.131155920798963	0.23726374642864
9.048009	-0.01	0	-0.118019194506076	0.427617835203799
9.100995	-0.016	0	-0.0862210783895268	0.769800883985681
9.149978	-0.019	0	-0.0408304955441471	0.875836729607263
9.198989	-0.02	0	-0.000397180820491206	0.816739242805759
9.248973	-0.019	0	0.0400064012803458	0.792431112442716
9.298965	-0.016	0	0.0788266576695982	0.686376756311159
9.349972	-0.011	0	0.109144899633351	0.520883832243344
9.399955	-0.005	0	0.131579753018174	0.221872072529489
9.448944	0.002	0	0.131550767106221	-0.11452103860538
9.498954	0.008	0	0.120007216658953	-0.315304421599114
9.548938	0.014	0	0.100026608568943	-0.600124091622006
9.598931	0.018	0	0.0600050031139006	-0.800322135538289
9.648941	0.02	0	0.0199920015996815	-0.806275815839465
9.69893100000001	0.02	0	-0.0206223314872271	-0.800503337591173
9.747915	0.018	0	-0.0592608088725445	-0.788137231203402
9.798905	0.014	0	-0.0994128580744837	-0.597634991214445
9.848915	0.008	0	-0.119990404223106	-0.205997697633583
9.898913	0.002	0	-0.120019206530144	-0.00031200722282688
9.948899	-0.004	0	-0.12002160629	0.0999939877139782
9.998895	-0.01	0	-0.11001960661046	0.500192000949072
10.048879	-0.015	0	-0.0700196124347091	0.799223269431676
10.098891	-0.017	0	-0.0301005344075399	0.697119225775785
10.147879	-0.018	0	-0.000799935246728936	0.697091796993338
10.198865	-0.017	0	0.0399940859671627	0.699076429683645
10.248877	-0.014	0	0.0700003048484009	0.600295330909004
10.29887	-0.01	0	0.100026608568943	0.500358072229699
10.348854	-0.004	0	0.120026408210854	0.199829968884415
10.398848	0.002	0	0.120001202916074	-0.108905918988539
10.448853	0.008	0	0.109133540117	-0.399571005043159
10.499839	0.013	0	0.0792870664289792	-0.587087229651911
10.548822	0.016	0	0.0504496994171738	-0.600356174671159
10.599834	0.018	0	0.0192062612228091	-0.706263940311882
10.648821	0.018	0	-0.0198036717899422	-0.800091769745667
10.698807	0.016	0	-0.0599888094071316	-0.691343427648131
10.748821	0.012	0	-0.0889317080611646	-0.501748803055927
10.79981	0.007	0	-0.110515434300723	-0.319281213315697
10.848797	0.001	0	-0.121260487795234	0.000678396575798524
10.898791	-0.005	0	-0.110000604243796	0.312585098398926
10.948799	-0.01	0	-0.0899989063514366	0.499922983852802
10.998788	-0.014	0	-0.0600136031207288	0.601007990227442
11.048775	-0.016	0	-0.0299125362002104	0.602176101051307
11.099763	-0.017	0	0.000791125035940529	0.695126892304344
11.148774	-0.016	0	0.0392390485642989	0.800349503075449
11.199764	-0.013	0	0.0808909739082729	0.610221818404488
11.248746	-0.008	0	0.101057681159111	0.296439402571448
11.298738	-0.003	0	0.109995506436722	0.0894797984953349
11.348747	0.003	0	0.110002713591547	-0.199927970823891
11.398731	0.008	0	0.0900141099540689	-0.394883863263589
11.448736	0.012	0	0.0705188817113925	-0.399847846149593
11.497725	0.015	0	0.0504516501761078	-0.608978711942669
11.548713	0.017	0	0.00882174909497932	-0.800199850130382
11.597725	0.016	0	-0.0296313679093112	-0.600200952864656
11.648706	0.014	0	-0.0504535341387937	-0.499998696651767
11.697695	0.011	0	-0.0792585548240817	-0.586849700458917
11.748704	0.006	0	-0.109132630500387	-0.29891545768885
11.798695	0	0	-0.110027008014693	0.19129935946941
11.848678	-0.005	0	-0.090011015111065	0.300336098446637
11.898689	-0.009	0	-0.080000808472257	0.301919368172959
11.948677	-0.013	0	-0.0598240600632101	0.596117507331146
11.999665	-0.015	0	-0.0194184250794631	0.692504279348699
12.049654	-0.015	0	0.0103006873820582	0.600375971074199
12.098671	-0.014	0	0.0400111115871921	0.603142986595242
12.148662	-0.011	0	0.0700108017202922	0.489533038593827
12.198655	-0.007	0	0.0889561406339809	0.299618997453491
12.249635	-0.002	0	0.100106065897392	0.127363377965174
12.298628	0.003	0	0.102044983553044	-0.0982648504462997
12.347631	0.008	0	0.0904737465266662	-0.420415977488276
12.398623	0.012	0	0.0592575335887319	-0.599145216138449
12.447613	0.014	0	0.0305188481540824	-0.598342112016943
12.49761	0.015	0	5.59910421446359E-06	-0.60031577515557
12.547621	0.014	0	-0.0295172522454605	-0.582813379754131
12.598609	0.012	0	-0.058843144109928	-0.49571304775626
12.649591	0.008	0	-0.0800660649463203	-0.31492753397832
12.698604	0.004	0	-0.0907257516051181	-0.102747818387038
12.748593	-0.001	0	-0.0900121037519354	0.107160837804745
12.798593	-0.005	0	-0.0800088029047506	0.2000089981603
12.848582	-0.009	0	-0.0700134027806112	0.40008802408673
12.898575	-0.012	0	-0.0400056009281957	0.60022606357594
12.948562	-0.013	0	-0.0100028007762125	0.500145051883893
12.998551	-0.013	0	0.00999650050291585	0.50007702623977
13.048559	-0.012	0	0.0400072024522749	0.600239103145714
13.09855	-0.009	0	0.0700198064622585	0.511340277902348
13.148533	-0.005	0	0.0911293595991903	0.202304982760436
13.197545	0	0	0.090470135385969	-0.114779914295358
13.248526	0.004	0	0.0792451200493865	-0.202374065178094
13.298517	0.008	0	0.0700011071201641	-0.29533854109835
13.348531	0.011	0	0.049704708528426	-0.399805812516173
13.399517	0.013	0	0.0296325141443863	-0.600094734353926
13.448499	0.014	0	-0.00947451229289549	-0.705411590092388
13.498509	0.012	0	-0.0400044081745941	-0.405137286905024
13.548488	0.01	0	-0.0499965115166298	-0.299971978589505
13.598502	0.007	0	-0.0700065118978485	-0.400254039424424
13.648487	0.003	0	-0.0900215055765505	-0.20010097469709
13.698477	-0.002	0	-0.0900096035527455	0.200181073335183
13.748479	-0.006	0	-0.0700002004840285	0.400027993991732
13.798475	-0.009	0	-0.0500076024809382	0.39999900138827
13.848459	-0.011	0	-0.0300083030861117	0.400132045131877
13.898456	-0.012	0	-0.0100020000080078	0.500217127657121
13.948467	-0.012	0	0.0200202136865064	0.600161048249648
13.998437	-0.01	0	0.0500027141468296	0.500070949863087
14.048446	-0.007	0	0.0700090088938011	0.292190132186028
14.098431	-0.003	0	0.07922515044242	0.101284077187281
14.149445	0.001	0	0.0800658316191168	-0.0917716142347406
14.198431	0.005	0	0.0704783279439672	-0.199934803434883
14.249412	0.008	0	0.0600617866008622	-0.300348682689481
14.298407	0.011	0	0.0408246567151788	-0.503439413576278
14.348407	0.012	0	0.00999879985598348	-0.505325833439623
14.398395	0.012	0	-0.00970453098983879	-0.501251809475996
14.449399	0.011	0	-0.0408434424022639	-0.499103319647166
14.498386	0.008	0	-0.0600509349319953	-0.193935034870155
14.549396	0.005	0	-0.0594180594539416	-0.130715384828976
14.599386	0.002	0	-0.0729641384803388	-0.221999144832115
14.646369	-0.002	0	-0.081231669230011	0.118677936285532
14.698379	-0.006	0	-0.0580949962805729	0.402525533466177
14.748359	-0.008	0	-0.0400096043540235	0.38098927392881
14.798355	-0.01	0	-0.0200046001580225	0.400068057989987
14.848366	-0.01	0	0	0.400126082514583
14.898358	-0.01	0	0.020009203833516	0.500295128498972
14.94834	-0.008	0	0.0500145044364406	0.400088063541319
14.998327	-0.005	0	0.0600036050168801	0.191137998998214
15.048334	-0.002	0	0.0691268095999032	0.0973623100677492
15.099327	0.002	0	0.0696677740040093	-0.0888861636591797
15.148316	0.005	0	0.0606307323709906	-0.198356842938479
15.198307	0.008	0	0.0500063015393104	-0.306315008226351
15.248307	0.01	0	0.0300003000450045	-0.500044015172241
15.298304	0.011	0	3.99968005477892E-06	-0.500023014373617
15.348311	0.01	0	-0.0200020025047132	-0.300029011429758
15.398294	0.009	0	-0.0300007017016796	-0.400100008197746
15.448296	0.007	0	-0.0600136054736593	-0.39523143772358
15.498282	0.003	0	-0.069525661731326	-0.00416677619888469
15.54929	0	0	-0.0600500907548785	0.0849574421408888
15.59828	-0.003	0	-0.060631270880201	0.0991921272540646
15.648269	-0.006	0	-0.0500080022005455	0.306310694011161
15.698268	-0.008	0	-0.0300020010484185	0.399109164437175
15.748253	-0.009	0	-0.0101034429793435	0.400174073761033
15.799252	-0.009	0	0.0104134457817362	0.402089636682468
15.848235	-0.008	0	0.0300991138031382	0.305077292375712
15.898251	-0.006	0	0.0404136732240639	0.306349102704577
15.947233	-0.004	0	0.0602221463109712	0.29630189678625
15.997225	0	0	0.0695192413900731	-0.00410268923099878
16.048235	0.003	0	0.0594168349216753	-0.193059390380041
16.098227	0.006	0	0.0500098022525882	-0.29416376103467
16.148213	0.008	0	0.0300082022606255	-0.400177061009324
16.198201	0.009	0	0.0100025006231548	-0.300153058970327
16.24819	0.009	0	0	-0.306124964755813
16.298189	0.009	0	-0.0206084431835896	-0.404189517292512
16.347198	0.007	0	-0.0400336545802715	-0.288487663119377
16.398183	0.005	0	-0.049020572499406	-0.196279974431511
16.449188	0.002	0	-0.0600530498917476	-0.106101932625594
16.498176	-0.001	0	-0.0600657798072646	0.100017061578305
16.549158	-0.004	0	-0.0496463010685561	0.196225860065176
16.598174	-0.006	0	-0.0404121591968151	0.297238453253861
16.648157	-0.008	0	-0.020007402702979	0.404247147798038
16.698143	-0.008	0	0	0.300177093472973
16.748151	-0.008	0	0.0100041009592129	0.300138059154122
16.79814	-0.007	0	0.0300091028779293	0.393213681840749
16.848124	-0.005	0	0.0493149221143713	0.293111122566469
16.899137	-0.002	0	0.0594188149276665	0.00612525650896683
16.949123	0.001	0	0.0503238427612286	-0.0902313033665185
16.998114	0.003	0	0.0503072868254854	-0.102204735962696
17.048124	0.006	0	0.0399957081025406	-0.300105884370226
17.099111	0.007	0	0.0198121892972262	-0.29604212040896
17.149092	0.008	0	0.00990608261029512	-0.296334690989707
17.198106	0.008	0	-0.009335502049654	-0.304520342594699
17.25009	0.007	0	-0.0203109821449283	-0.207199957272727
17.297078	0.006	0	-0.0298798961692184	-0.286000957780059
17.348082	0.004	0	-0.0490265314554432	-0.193734104135723
17.39907	0.001	0	-0.049645037148012	-0.012921889060916
17.448078	-0.001	0	-0.0503155952991412	-0.00103111404747168
17.498068	-0.004	0	-0.049722018864212	0.201081514113325
17.549053	-0.006	0	-0.0296311191116533	0.394233694710601
17.598051	-0.007	0	-0.0103060472347353	0.301234683101808
17.648034	-0.007	0	0	0.300147251221014
17.697047	-0.007	0	0.019226823685245	0.298969196889921
17.748032	-0.005	0	0.0295209001556978	0.205713159047534
17.798022	-0.004	0	0.0399912036995117	0.204749976540003
17.848033	-0.001	0	0.0499959052029062	1.99979183768986E-05
17.898021	0.001	0	0.0400024027364772	-0.0958434101807118
17.948027	0.003	0	0.0404158866061625	-0.098854496126952
17.997013	0.005	0	0.03043290099398	-0.206018468883579
18.047998	0.006	0	0.0198109337647833	-0.201195403911191
18.097987	0.007	0	0.0101033128386291	-0.29715901817674
18.148997	0.007	0	-0.0104142292960238	-0.402075870618683
18.197981	0.006	0	-0.0301024575347447	-0.201997378713869
18.24799	0.004	0	-0.0299964019438828	-0.0913273049740282
18.297981	0.003	0	-0.039231824508317	-0.194451795216618
18.348965	0	0	-0.0496506477324293	-0.00397810409023173
18.397964	-0.002	0	-0.0404095768030198	0.19830569560602
18.447972	-0.004	0	-0.0299972021281153	0.204036233605109
18.49796	-0.005	0	-0.0200066025030386	0.199958990527316
18.547939	-0.006	0	-0.0100079035044788	0.300062011206767
18.597955	-0.006	0	0.0100055013433514	0.302112790140062
18.647942	-0.005	0	0.0202099657808026	0.198152858326089
18.696936	-0.004	0	0.0296306464254217	0.194071503009426
18.747923	-0.002	0	0.0396207054049134	0.10091547487152
18.797913	0	0	0.0400084017723794	0.00378970483291119
18.847902	0.002	0	0.0399996042358708	-0.100079003091696
18.897914	0.004	0	0.0299958047883694	-0.199997985299235
18.947896	0.005	0	0.020001003894581	-0.201040746701108
18.997909	0.006	0	0.00989266879146688	-0.202051493471808
19.046885	0.006	0	0	-0.198117089351064
19.096874	0.006	0	-0.00970606101825919	-0.29414397148084
19.147873	0.005	0	-0.0299090113042318	-0.198111335283662
19.197865	0.003	0	-0.0301084231388299	-0.00200512987372871
19.246871	0.002	0	-0.0301113885187342	-0.0980602398661676
19.296857	0	0	-0.0400096024326461	-0.0950413249551833
19.346847	-0.002	0	-0.0396124161622966	0.201997313377908
19.397856	-0.004	0	-0.0192085670783236	0.295898224238525
19.446846	-0.004	0	-0.00961082658426056	0.0989399800336583
19.497832	-0.005	0	-0.00971194296383939	0.198034924847776
19.547843	-0.005	0	0.0100038006441205	0.295179171962055
19.597834	-0.004	0	0.0198105257572979	0.101047389085952
19.648819	-0.003	0	0.0200161784000724	0.107020107713785
19.697831	-0.002	0	0.030113693743365	0.202072355649903
19.747811	0	0	0.0400120044018012	-8.72271135723167E-06
19.797801	0.002	0	0.0301088602545671	-0.202058755261052
19.846812	0.003	0	0.0200156560614072	-0.104943055490008
19.897801	0.004	0	0.0200221510960924	-0.101024568374078
19.946782	0.005	0	0.0103144573838305	-0.202172366597351
19.996795	0.005	0	0	-0.200234483749589
20.046782	0.005	0	-0.00970930296423406	-0.294127316469764
20.097769	0.004	0	-0.0299009914992604	-0.19705389072822
20.147779	0.002	0	-0.0299962027399563	-0.00109178598949596
20.197767	0.001	0	-0.0300102036373333	-0.000119044897515071
20.247749	-0.001	0	-0.0300081055907282	0.100049002720532
20.297758	-0.002	0	-0.0200008019682357	0.0979297414316038
20.347745	-0.003	0	-0.0202110282217655	0.098929631590682
20.396734	-0.004	0	-0.0104129457144245	0.202022901374384
20.447747	-0.004	0	0	0.202082334905282
20.497742	-0.004	0	0.010003100863223	0.200066016663776
20.54773	-0.003	0	0.0200032007682036	0.102108525492209
20.597726	-0.002	0	0.0202107524868916	0.0991912772693408
20.646708	-0.001	0	0.0296301686201793	0.0969945068284559
20.697699	0.001	0	0.0295167788817745	-0.0972211007976817
20.747701	0.002	0	0.0199976005438748	-0.0951635810232559
20.797711	0.003	0	0.020000802336277	-0.0990137575607891
20.847697	0.004	0	0.0101013754351462	-0.19809152302048
20.898678	0.004	0	0	-0.0971222068030737
20.947693	0.004	0	0	-0.0990607062252614
20.997689	0.004	0	-0.0100044016485764	-0.198151161884871
21.047673	0.003	0	-0.0198112000287281	-0.202099438831179
21.098662	0.002	0	-0.0304229679028037	-0.102922428422651
21.147666	0	0	-0.0305122227327234	0.103127883398215
21.197655	-0.001	0	-0.0200052014164038	0.105137127911681
21.24764	-0.002	0	-0.0200004031441887	0.100051011190623
21.297653	-0.003	0	-0.00999470135064688	0.200006001260061
21.347639	-0.003	0	0	0.0999850058087968
21.397635	-0.003	0	0	0.10748431368021
21.448615	-0.003	0	0.0110669468006565	0.20639460708953
21.495625	-0.002	0	0.0203061772824808	0.0970060438870222
21.547605	-0.001	0	0.0196279340954677	0.0993361243332727
21.597598	0	0	0.0299977009649805	0.103726671980864
21.647604	0.002	0	0.0299978010760085	-0.20000499874988
21.697596	0.003	0	0.0100032005120858	-0.200006998209964
21.747604	0.003	0	0.0100035006471155	-2.20151457425653E-05
21.797595	0.004	0	0.0100009999719389	-0.203143064149386
21.847578	0.004	0	-0.0103022748194922	-0.303150354550971
21.896588	0.003	0	-0.0202073527679298	-0.0981191996716032
21.946571	0.002	0	-0.0198110272183351	0.0040536811648545
21.997562	0.001	0	-0.0198059282083468	-0.00399657663716475
22.04757	0	0	-0.0202067012267751	-0.00205618559481095
22.09656	-0.001	0	-0.0200214934741451	0.100079720319073
22.147542	-0.002	0	-0.00981007543187362	0.097280528374406
22.198552	-0.002	0	-0.0101054281949605	-0.000822307288733744
22.248534	-0.003	0	-0.0099032327431801	0.206096784860941
22.297523	-0.003	0	0.00989488866739476	0.302215573418581
22.347533	-0.002	0	0.0198055206146896	0.00105206671450176
22.398524	-0.001	0	0.0096106039065978	-0.0949419377001921
22.447526	-0.001	0	0.00990247251007154	0.103057746838513
22.497515	0	0	0.0200060020567709	0.100993446693539
22.547496	0.001	0	0.020000405192312	-5.60100775334254E-05
22.597513	0.002	0	0.020000405192312	-0.100032029817418
22.647494	0.003	0	0.0100046019888267	-0.200064059620315
22.697483	0.003	0	0	-0.100089049353411
22.747493	0.003	0	0	-0.098099904284171
22.798477	0.003	0	-0.0101004612751313	-0.20238607051535
22.848467	0.002	0	-0.0204273139356552	-0.0992122750089941
22.896466	0.001	0	-0.0202411908161747	0.00611150106730316
22.947456	0	0	-0.0198085632869123	0.101278662130797
22.997452	-0.001	0	-0.0101961404480577	0.0920532933664552
23.04944	-0.001	0	-0.0108277924989435	-0.0024836167448422
23.097453	-0.002	0	-0.0105184141494283	0.109535389717456
23.14644	-0.002	0	0	0.109503825636963
23.197424	-0.002	0	0	0.104100609571353
23.247435	-0.002	0	0.0103129943361566	0.103077356565869
23.29642	-0.001	0	0.0104137125262737	-0.00192542647184634
23.347428	-0.001	0	0.0101040232568547	0.0970104884469378
23.397414	0	0	0.0200026012383953	0.0970781136605274
23.447415	0.001	0	0.0198075436862284	-0.100993797054869
23.498405	0.002	0	0.00960918794122981	-0.198047935801463
23.54739	0.002	0	0	-9.33234239138915E-05
23.59738	0.002	0	0.00999810002299619	-4.00092020953276E-06
23.647383	0.003	0	-5.60089620887003E-06	-0.200040006941301
23.697372	0.002	0	-0.0100043009672084	-2.80047611203891E-05
23.747382	0.002	0	0	-0.000102120236776315
23.79637	0.002	0	-0.00960948808228026	-0.198055826104917
23.84736	0.001	0	-0.019808971212022	-0.100955452393864
23.897354	0	0	-0.0199998006779785	0.0981002262622458
23.947361	-0.001	0	-0.0099962002919325	0.200017996099759
23.997344	-0.001	0	0	0.0999970018499693
24.047328	-0.001	0	0	0
24.097341	-0.001	0	0	0
24.147318	-0.001	0	0	0
24.197332	-0.001	0	0	0.100076030019682
24.247313	-0.001	0	0.0100004997828844	0.100063026379249
24.297305	0	0	0.0100014001880221	-3.60026404017593E-05
24.347295	0	0	0.00999690038294189	-0.00103752565095873
24.397302	0.001	0	0.00989761851463281	-0.000924299676945322
24.446309	0.001	0	0.00990328087347519	0.00201608838648736
24.496297	0.002	0	0.0101009673782231	-0.0960890984885152
24.54728	0.002	0	0	-0.098086914176987
24.597269	0.002	0	0	0
24.64828	0.002	0	0	-0.102115321533216
24.696269	0.002	0	-0.00951051350376778	-0.200011359038763
24.747252	0.001	0	-0.0198068256089642	-0.000966279541102885
24.797263	0	0	-0.00999510094278173	0.198079179211311
24.847247	0	0	0	0.00297819222952466
24.898237	0	0	-0.0100947088974121	-0.0959931089441081
24.948248	-0.001	0	-0.00989316223907849	0.104053202056967
24.997223	-0.001	0	0	0.102058258568232
25.047233	-0.001	0	0	0
25.097218	-0.001	0	0	0.0999700070279919
25.147206	-0.001	0	0.00999490135065066	0.0989792556248899
25.197219	0	0	0.00989297494143604	-0.103055252234357
25.246198	0	0	0	-0.00886055122614749
25.29721	0	0	0.00980853626458711	0.0941671455187037
25.348198	0.001	0	0.00960975710401788	-0.101964241328276
25.397183	0.001	0	0	-0.0991024287964836
25.447191	0.001	0	0	0
25.497176	0.001	0	0	0
25.548184	0.001	0	0	0
25.598173	0.001	0	0	-0.102081996616323
25.647156	0.001	0	-0.00989993705969851	-0.103112260856397
25.697147	0	0	-0.0100038006441148	0.0989569695273059
25.747158	0	0	0	0.0999939993998663
25.797147	0	0	0	0
25.847133	0	0	0	0
25.89713	0	0	0	0
25.946139	0	0	0	0
25.997125	0	0	0	0
26.047109	0	0	0	0
26.09812	0	0	0	0
26.148104	0	0	0	0.103104363524562
26.198106	0	0	0.0103127053167863	0.102072906919777
26.247089	0.001	0	0.0103138278666741	-0.102027072655329
26.297102	0.001	0	0	-0.103087754758015
26.347092	0.001	0	0	0
26.397076	0.001	0	0	-0.0970661863827058
26.447084	0.001	0	-0.00971050240428284	-0.0970477299687967
26.498074	0	0	-0.00960898783718972	0.10102947411836
26.547057	0	0	0	0.0990907369746166
26.597055	0	0	0	0
26.647057	0	0	0	0
26.697045	0	0	0	0
26.747031	0	0	0	0
26.797044	0	0	0	0
26.848027	0	0	0	0
26.898016	0	0	0	0
26.946025	0	0	0	0.0960228150082457
26.997008	0	0	0.0100943244460335	0.0970466459388455
27.047018	0.001	0	0.0099956007838397	-0.100994802795224
27.097004	0.001	0	0	-0.0999820030791691
27.146988	0.001	0	0	0
27.196979	0.001	0	0	0
27.246987	0.001	0	0	-0.102049926351754
27.295974	0.001	0	-0.00989617378976653	-0.104027616564323
27.345979	0	0	-0.0100963238461727	0.0960224148282513
27.396967	0	0	0	0.0980471539621198
27.446976	0	0	0	0
27.497959	0	0	0	0
27.546946	0	0	0	0
27.596956	0	0	0	0
27.645945	0	0	0	0
27.69693	0	0	0	0
27.746939	0	0	0	0
27.796927	0	0	0	0
27.847909	0	0	0	0
27.895918	0	0	0	0
27.945899	0	0	0	0
27.996913	0	0	0	0
28.046895	0	0	0	0
28.096882	0	0	0	0
28.146891	0	0	0	0
28.196875	0	0	0	0
28.246884	0	0	0	0
28.296872	0	0	0	0
28.345866	0	0	0	0
28.395859	0	0	0	0
28.446867	0	0	0	0
28.495856	0	0	0	0
28.54584	0	0	0	0
28.596836	0	0	0	0
28.646846	0	0	0	0
28.696829	0	0	0	0
28.745815	0	0	0	0
28.796823	0	0	0	0
28.846813	0	0	0	0
28.895805	0	0	0	0
28.946791	0	0	0	0
28.997801	0	0	0	0
29.046785	0	0	0	0
29.095774	0	0	0	0
29.146784	0	0	0	0
29.195773	0	0	0	0
29.246755	0	0	0	0
29.296763	0	0	0	0
29.346745	0	0	0	0
29.396759	0	0	0	0
29.446748	0	0	0	0
29.495734	0	0	0	0
29.546744	0	0	0	0
29.595734	0	0	0	0
29.645717	0	0	0	0
29.696719	0	0	0	0
29.746704	0	0	0	0
29.796715	0	0	0	0
29.845702	0	0	0	0
29.896689	0	0	0	0
29.9467	0	0	0	0
29.996684	0	0	0	0
30.046688	0	0	0	0
30.096678	0	0	0	0
30.145659	0	0	0	0
30.19867	0	0	0	0
30.24565	0	0	0	0
30.296644	0	0	0	0
30.346636	0	0	0	0
30.396631	0	0	0	0
30.44564	0	0	0	0
30.497629	0	0	0	0
30.545613	0	0	0	0
30.596624	0	0	0	0
30.646606	0	0	0	0
30.695618	0	0	0	0
30.745603	0	0	0	0
30.796587	0	0	0	0
30.846596	0	0	0	0
30.896581	0	0	0	0
30.94657	0	0	0	0
30.997578	0	0	0	0
31.046561	0	0	0	0
31.095571	0	0	0	0
31.14656	0	0	0	0
31.196556	0	0	0	0
31.24756	0	0	0	0
31.297546	0	0	0	0
31.346529	0	0	0	0
31.396525	0	0	0	0
31.445534	0	0	0	0
31.496522	0	0	0	0
31.547504	0	0	0	0
31.597514	0	0	0	0
31.646495	0	0	0	0
31.696508	0	0	0	0
31.747488	0	0	0	0
31.796477	0	0	0	
31.848486	0	0		
