MIN=0	-0.2	0	-2	-20
MAX=35	0.2	1	2	20
SCALE=35	0.5	0.5	1	10
DEC=2	3	0	2	2
"Tiempo" t / s	"Recorrido" s_A1 / m	"Fuente" S_1	"Velocidad" v / m/s	"Aceleración" a / m/s^2
0	0.004	0		
0.0499969999999905	0.022	0	0.346862795010179	
0.100979999999993	0.039	0	0.279715132847551	-1.76712531193276
0.148989999999998	0.05	0	0.174527822122786	-2.13911068065685
0.200975999999997	0.056	0	0.0662418826868886	-2.32226356854976
0.248985999999988	0.057	0	-0.0558592479526874	-2.57812086980564
0.299969999999988	0.05	0	-0.189190489298787	-2.21197484301618
0.349955999999992	0.038	0	-0.279999226003872	-1.47141638116714
0.399963999999997	0.022	0	-0.336308103825038	-0.903341781946611
0.450956999999988	0.004	0	-0.370794697931219	-0.231237214242361
0.499938999999998	-0.015	0	-0.361180792262594	0.723462377096156
0.550933999999998	-0.032	0	-0.296299027416561	1.38566568494458
0.600943999999998	-0.045	0	-0.221442771657167	1.76106501574771
0.649929999999998	-0.054	0	-0.122496256742809	2.33197971310347
0.699911999999998	-0.057	0	0.00997659189714554	2.52530119823167
0.749911999999995	-0.053	0	0.129983902890566	2.23427228141996
0.799918999999989	-0.044	0	0.233417137547397	1.80420340350783
0.848908999999992	-0.03	0	0.309126488667141	1.24800237684107
0.899893999999989	-0.013	0	0.356975380556743	0.463810382451237
0.949885999999992	0.006	0	0.356894202280145	-0.392434621649744
1.00089799999999	0.023	0	0.316532526714793	-0.943319783117748
1.050873	0.038	0	0.261943417494242	-1.56519659457141
1.099875	0.049	0	0.162525306939928	-2.13471819112484
1.15086799999999	0.054	0	0.0480521738914325	-2.3437198183668
1.19987399999999	0.054	0	-0.0714591919756815	-2.41097181031219
1.24886199999999	0.047	0	-0.188209596038321	-1.98179891726075
1.29984499999999	0.035	0	-0.26794722638348	-1.40078090852675
1.34986099999999	0.02	0	-0.329999747313008	-0.920957227148962
1.39985	0.002	0	-0.360064812818681	-0.100296732446341
1.449843	-0.016	0	-0.340023605960926	0.800608194291331
1.499844	-0.032	0	-0.280002400880057	1.40001594068502
1.549841	-0.044	0	-0.200026408787202	1.80007201239824
1.59982599999999	-0.052	0	-0.100032411307764	2.20076419900584
1.649823	-0.054	0	0.0200152047533184	2.30101034742982
1.69981	-0.05	0	0.130033808790281	2.10010131975039
1.749797	-0.041	0	0.22997073409405	1.69988505400169
1.79981099999999	-0.027	0	0.300007843553501	1.10111840549257
1.84979799999999	-0.011	0	0.340099829911146	0.501004071671627
1.89978199999999	0.007	0	0.350095527813514	-0.300722254271824
1.949771	0.024	0	0.310030716732329	-1.10089439773125
1.999775	0.038	0	0.240004810297906	-1.70025198970582
2.049764	0.048	0	0.140026413553288	-2.10021697062198
2.09977499999999	0.052	0	0.0299787030679869	-2.20058231976849
2.14976499999999	0.051	0	-0.0800340142938859	-2.20082842016691
2.19974599999999	0.044	0	-0.190040312513916	-1.83100176281527
2.24973799999999	0.032	0	-0.263076613499702	-1.29613858804998
2.29874699999999	0.018	0	-0.318680181511922	-0.845227869933843
2.349734	0	0	-0.346428330564381	-0.00274420520789763
2.39974099999999	-0.017	0	-0.320008423147201	0.863703670116704
2.44972899999999	-0.032	0	-0.260075024070475	1.40022199672958
2.49970999999999	-0.043	0	-0.180032447886571	1.70105629579444
2.54972699999999	-0.05	0	-0.089965623093465	2.00050021858749
2.599706	-0.052	0	0.0199943947652441	2.30026433921979
2.64969499999999	-0.048	0	0.139989205368626	2.16934132539476
2.69969999999999	-0.038	0	0.23690811541799	1.60122862434413
2.75068999999999	-0.024	0	0.301034949636363	0.848562236937459
2.79969799999999	-0.008	0	0.323352692967017	0.197239892894875
2.849672	0.008	0	0.320054487689551	-0.233469110875908
2.899681	0.024	0	0.299998023801113	-0.989880522905143
2.94967	0.038	0	0.221091963387768	-1.80571589001477
2.99865899999999	0.046	0	0.12172182532814	-2.02495465678584
3.04965399999999	0.05	0	0.0186430737819539	-1.99690699171839
3.099661	0.048	0	-0.0800176064651688	-1.98709151051258
3.14964999999999	0.042	0	-0.180057619446772	-1.90010749613551
3.19963299999999	0.03	0	-0.269976366592422	-1.29980011880484
3.249651	0.015	0	-0.310003975839574	-0.501078315760701
3.299634	-0.001	0	-0.320105634923591	-0.000289734964732593
3.34961799999999	-0.017	0	-0.310032536146434	0.700954477627241
3.399625	-0.032	0	-0.249993516776885	1.40028308776124
3.449613	-0.042	0	-0.170018814834193	1.70014701962756
3.49962099999999	-0.049	0	-0.0799816038394787	2.10055032711128
3.54961499999999	-0.05	0	0.040032017516706	2.22333422746669
3.599592	-0.045	0	0.142293366883197	1.89809354036046
3.64858299999999	-0.036	0	0.228171661819312	1.55997804686039
3.699591	-0.022	0	0.297495178253166	0.900856892681713
3.74958099999999	-0.006	0	0.3200800216062	0.0251583535483105
3.799566	0.01	0	0.3000146507245	-0.500728094800676
3.84957999999999	0.024	0	0.270001951769069	-0.910361491817444
3.899563	0.037	0	0.20900046374867	-1.59578134015332
3.950558	0.045	0	0.108095771676962	-1.97905996884644
3.999567	0.048	0	0.0110878849446955	-2.00069359832495
4.049539	0.046	0	-0.0899763167240998	-2.01139153366379
4.09954999999999	0.039	0	-0.190016214475897	-1.7311045177306
4.149541	0.027	0	-0.263100998686987	-1.13185583201752
4.198543	0.013	0	-0.302708503822099	-0.453121194060818
4.24853399999999	-0.003	0	-0.307247224791677	0.150292850159437
4.29952299999999	-0.018	0	-0.287045925654243	0.772103343336943
4.349514	-0.032	0	-0.230023210505421	1.37044664524803
4.399519	-0.041	0	-0.150000307978431	1.70026508455094
4.449507	-0.047	0	-0.0600120022083405	2.00064930323804
4.49949099999999	-0.047	0	0.0500070006199063	2.02310912663355
4.549481	-0.042	0	0.142244173786217	1.70008112333775
4.59849	-0.033	0	0.218595091273488	1.36225164169216
4.64947799999999	-0.02	0	0.277675256987709	0.900096222769028
4.69948599999999	-0.005	0	0.310003215872056	0.123705339311775
4.749478	0.011	0	0.29006251625581	-0.599816059776109
4.79946299999999	0.024	0	0.250038218602334	-0.900555170043879
4.849464	0.036	0	0.200016411984549	-1.50234261385403
4.89944799999999	0.044	0	0.0998435549557239	-2.10364543272906
4.94846099999999	0.046	0	-0.00804673242328023	-2.00482670528971
4.99943499999999	0.043	0	-0.099827235076032	-1.80188264311667
5.04943	0.036	0	-0.189978408870777	-1.57262252192263
5.09943899999999	0.024	0	-0.257089320578739	-0.902354406215233
5.15043	0.01	0	-0.280244308515752	-0.385822531029252
5.19943099999999	-0.004	0	-0.295934926887918	0.0895732509603946
5.248425	-0.019	0	-0.271472314345944	0.8701805702331
5.29940699999999	-0.031	0	-0.207433208055218	1.30280120073253
5.34939799999999	-0.04	0	-0.140016207146863	1.57444653070378
5.39940399999999	-0.045	0	-0.0499865013948343	1.91583330371191
5.449395	-0.045	0	0.0515579125868876	2.0007956936091
5.49837799999999	-0.04	0	0.148101036277994	1.70564973206618
5.54938999999999	-0.03	0	0.22101546479432	1.20027036889293
5.59836899999999	-0.018	0	0.269030181350986	0.769775740903068
5.64937999999999	-0.003	0	0.297111971878625	0.0768621452073963
5.69936199999999	0.012	0	0.277757644719832	-0.668910619003534
5.75035099999999	0.025	0	0.228998369934187	-1.05799262881843
5.799359	0.035	0	0.17235674999383	-1.39897971442921
5.84934799999999	0.042	0	0.0900216074173829	-1.82374984808525
5.899355	0.044	0	-0.0100173016076033	-1.9799989962087
5.94934499999999	0.041	0	-0.107973049057929	-1.77373238014575
6.00033499999999	0.033	0	-0.188753532181594	-1.33145657383873
6.05033599999999	0.022	0	-0.242933339764399	-0.944698387026632
6.099318	0.009	0	-0.282542758089771	-0.38331361960805
6.14931199999999	-0.006	0	-0.280002409387827	0.347629292574534
6.19931899999999	-0.019	0	-0.247771762977926	0.802744025957628
6.25030899999999	-0.031	0	-0.198613550538959	1.27291099607482
6.29928799999999	-0.039	0	-0.121737765394521	1.7008977697241
6.35029899999999	-0.043	0	-0.0279959797299598	1.81470351344378
6.39927999999999	-0.042	0	0.059809488223981	1.69899580363724
6.44927199999999	-0.037	0	0.139967422227444	1.6022142696066
6.49928899999999	-0.028	0	0.220045275050208	1.30105834742406
6.54926599999999	-0.015	0	0.270089437373658	0.526127936233769
6.599255	-0.001	0	0.272628773772213	-0.102911246837327
6.648248	0.012	0	0.260206214656904	-0.446564582206841
6.69925699999999	0.025	0	0.227177208187532	-1.10903560793546
6.74924399999999	0.035	0	0.14913195562811	-1.56251923263286
6.80123499999999	0.04	0	0.0678296821823144	-1.5736905937962
6.84924199999999	0.042	0	-0.00815798302514385	-1.80532095712017
6.89922199999999	0.039	0	-0.10996423028839	-1.81883885870203
6.94923999999999	0.031	0	-0.190021649250813	-1.30067002967353
6.99922199999999	0.02	0	-0.240052818439404	-0.800521860631482
7.04921599999999	0.007	0	-0.270049811126712	-0.275777436410667
7.099204	-0.007	0	-0.267629488666157	0.399576131598875
7.15019599999999	-0.02	0	-0.228988406810891	0.857564146553153
7.19920499999999	-0.03	0	-0.182260237669817	1.19682636548282
7.24919199999999	-0.038	0	-0.110026611598622	1.62277064001706
7.29919899999999	-0.041	0	-0.0199857999735706	1.80066031743416
7.349187	-0.04	0	0.0700304131896847	1.72177677481573
7.39916699999999	-0.034	0	0.152138044224821	1.3988977572354
7.448184	-0.025	0	0.20898234321176	0.991774400121789
7.499167	-0.013	0	0.250642017857719	0.500490837803611
7.548165	0	0	0.260254498760992	-0.0235539007394707
7.599148	0.013	0	0.247397057189366	-0.502378245602512
7.649158	0.025	0	0.210000031590373	-1.06764908841961
7.69914	0.034	0	0.140658596581279	-1.50101493450038
7.74815099999999	0.039	0	0.0616286953941	-1.70968526346611
7.799134	0.04	0	-0.0306907091180284	-1.77874874866696
7.84912399999999	0.036	0	-0.118039912291783	-1.56868258243862
7.900132	0.028	0	-0.188757075703556	-1.10349435513646
7.95012299999999	0.017	0	-0.2300614193307	-0.640671527157725
8.00010599999999	0.005	0	-0.252810539747133	-0.22536196962447
8.04910899999999	-0.008	0	-0.252815043596339	0.324780700174237
8.09908999999999	-0.02	0	-0.220020654944611	0.828246416514816
8.14910599999999	-0.03	0	-0.169980834814029	1.30103640722703
8.19909	-0.037	0	-0.0899362439184375	1.60416035062935
8.248077	-0.039	0	-0.0112209215731143	1.6028555368434
8.299083	-0.038	0	0.0703215805137172	1.67419883994713
8.34907199999999	-0.032	0	0.157712725382824	1.3959684164007
8.400054	-0.022	0	0.210567412631508	0.836037820230957
8.449067	-0.011	0	0.242087400215014	0.403761035967296
8.499049	0.002	0	0.250069323255632	-0.202250418612665
8.54903999999999	0.014	0	0.221861303493835	-0.701137818382291
8.598051	0.024	0	0.180920924053125	-0.93287937428265
8.64904899999999	0.032	0	0.128169452394634	-1.20056580828586
8.699027	0.037	0	0.0600282133682837	-1.58192292208052
8.74901399999999	0.038	0	-0.0299714058334779	-1.80042630739279
8.79902899999999	0.034	0	-0.120018016308057	-1.50009294798579
8.84901699999999	0.026	0	-0.180001412687625	-1.00013196301812
8.899024	0.016	0	-0.220018617196731	-0.700583186940401
8.949012	0.004	0	-0.250060014403462	-0.200197990782373
8.999	-0.009	0	-0.240033611523189	0.515838447551735
9.04899999999999	-0.02	0	-0.198474792507449	0.900556401475013
9.09998399999999	-0.029	0	-0.14895394044256	1.17651016116437
9.14898099999999	-0.035	0	-0.0816457368209027	1.40304682958276
9.19896799999999	-0.037	0	-0.0100161011361432	1.61659808414274
9.248982	-0.036	0	0.0800256070407002	1.70024500842524
9.29897199999999	-0.029	0	0.160020003616766	1.20052824272576
9.348968	-0.02	0	0.200056827473277	0.700007297678131
9.39894699999999	-0.009	0	0.230006659589788	0.29956391336432
9.44896199999999	0.003	0	0.229989836377383	-0.218142542285941
9.498949	0.014	0	0.208204162807953	-0.499844858956565
9.54993999999999	0.024	0	0.179386662959402	-0.97565232833913
9.598924	0.032	0	0.112278654799967	-1.51201690003157
9.64793599999999	0.035	0	0.0312070995223523	-1.53181038309116
9.698916	0.035	0	-0.0403990674962651	-1.41588594524472
9.74890699999999	0.031	0	-0.111734200089961	-1.2959905281011
9.797916	0.024	0	-0.168956826462793	-1.09544740697428
9.848901	0.014	0	-0.220981495816235	-0.700089249866578
9.897908	0.002	0	-0.240202687765238	5.3134881399838E-05
9.94889499999999	-0.01	0	-0.219391427962988	0.500107455150104
9.99790299999999	-0.02	0	-0.19055127720116	0.806263140238943
10.048892	-0.029	0	-0.137887230382938	1.29991916784968
10.09888	-0.034	0	-0.0598187613409114	1.4804599382651
10.14788	-0.035	0	0.00881956840232864	1.39877331309383
10.198862	-0.033	0	0.0800252676085354	1.37753250028014
10.248851	-0.027	0	0.147948065239169	1.07833105406078
10.29986	-0.018	0	0.18835664646139	0.739501111508581
10.349851	-0.008	0	0.222743872200932	0.442110375028489
10.398832	0.004	0	0.232604610713467	-0.220934531336055
10.448842	0.015	0	0.199995219088728	-0.713248814182093
10.49883	0.024	0	0.161283847621972	-0.997546219888375
10.547815	0.031	0	0.101708191175555	-1.32048736268963
10.598823	0.034	0	0.0288137036266492	-1.50016685779316
10.647813	0.034	0	-0.048024261125038	-1.50019655628512
10.69882	0.029	0	-0.120920482710472	-1.20063072880013
10.747803	0.022	0	-0.168981986771553	-0.876829828795614
10.798791	0.012	0	-0.208150998921912	-0.500061862927639
10.848803	0.001	0	-0.220006632276891	-0.018926973717401
10.898788	-0.01	0	-0.210055415288371	0.413605626293533
10.948777	-0.02	0	-0.178655107152667	0.901035142218556
10.999788	-0.028	0	-0.118487375298502	1.27913161997955
11.048761	-0.032	0	-0.051160377333486	1.30688151887585
11.098775	-0.033	0	0.0107340429305417	1.31082632864457
11.147759	-0.031	0	0.0784593961272499	1.36429499190703
11.198762	-0.025	0	0.147070361060643	1.09940668350494
11.249755	-0.016	0	0.190599396280488	0.618440073891932
11.298739	-0.006	0	0.209826513017042	0.180470058248188
11.349727	0.005	0	0.207774074516457	-0.199313269534012
11.399736	0.015	0	0.19000492011975	-0.568297050954551
11.449722	0.024	0	0.150957005637693	-1.1010493854659
11.498728	0.03	0	0.0816306433623229	-1.42366446772411
11.548718	0.032	0	0.0100020004000812	-1.31663677020875
11.598708	0.031	0	-0.0500067009231326	-1.28060030838992
11.648701	0.027	0	-0.118036741365294	-1.19675198331886
11.69971	0.019	0	-0.170544329724957	-0.828831379703931
11.7487	0.01	0	-0.201712834731385	-0.422927060509014
11.798682	-0.001	0	-0.211974805574843	0.119056887894971
11.847695	-0.011	0	-0.190549333982491	0.546312290245845
11.898678	-0.02	0	-0.156906972760237	0.800697690730035
11.949668	-0.027	0	-0.108897816700056	1.06144665541797
11.998678	-0.031	0	-0.051227916075248	1.30025350816508
12.04967	-0.032	0	0.0216298177071523	1.51862884866387
12.098653	-0.029	0	0.10024320895353	1.30328047425945
12.148639	-0.022	0	0.150002915787131	0.797858910930154
12.198648	-0.014	0	0.180016018418564	0.520592255302058
12.248635	-0.004	0	0.202063558896161	0.099733109118615
12.297646	0.006	0	0.190549172964078	-0.334639767511713
12.348632	0.015	0	0.168198815958817	-0.595176748744434
12.398619	0.023	0	0.13076263624147	-0.983998487409998
12.447605	0.028	0	0.071275451936763	-1.21952785616082
12.498611	0.03	0	0.00879834414432991	-1.30037744779086
12.547601	0.029	0	-0.0584587694781942	-1.28406695858718
12.598591	0.024	0	-0.119220189812106	-1.00186841794052
12.6486	0.017	0	-0.160015216450348	-0.707937100404487
12.698587	0.008	0	-0.190015810990921	-0.420906706303783
12.74859	-0.002	0	-0.202095940736308	0.0980427027705734
12.797571	-0.012	0	-0.180998263106853	0.630397811646223
12.848564	-0.02	0	-0.138252592320518	0.902277617665866
12.898572	-0.026	0	-0.0899922074528186	0.982480506916131
12.948558	-0.029	0	-0.0400112031408783	1.21343625082394
12.998545	-0.03	0	0.0313190819274657	1.42073899383858
13.047546	-0.026	0	0.100637087850671	1.0869970734163
13.097535	-0.02	0	0.138267004171749	0.772044545275546
13.148531	-0.012	0	0.178641228521172	0.506749846979428
13.198535	-0.002	0	0.19000860779728	0.0139248939652649
13.248525	0.007	0	0.180039608857999	-0.29984398851693
13.298513	0.016	0	0.160031207201802	-0.7004241033569
13.348507	0.023	0	0.110006204019923	-1.09933178869667
13.398515	0.027	0	0.0500930653553561	-1.09907864989636
13.449506	0.028	0	-0.000803108619687316	-1.08920683222173
13.498491	0.027	0	-0.0584433047854974	-1.18429868834029
13.549492	0.022	0	-0.119247703724267	-1.02252838625095
13.599479	0.015	0	-0.162047114490401	-0.627899562082656
13.648491	0.006	0	-0.181849997546707	-0.186123481142555
13.698481	-0.003	0	-0.180043210946907	0.118418775348447
13.748467	-0.012	0	-0.170011620242654	0.507143529523525
13.798477	-0.02	0	-0.129316173172222	0.896688679211049
13.849463	-0.025	0	-0.0792861667978632	0.984165584206687
13.898448	-0.028	0	-0.03093959522802	1.20066069544992
13.948461	-0.028	0	0.0400208054094074	1.309599229923
13.998448	-0.024	0	0.100026006761755	1.01854255821466
14.048435	-0.018	0	0.141848579124363	0.618311176265997
14.097443	-0.01	0	0.161659079488232	0.268911472793579
14.147428	-0.002	0	0.168201884688973	0.0656648438138835
14.198414	0.007	0	0.168157425300892	-0.183745312917275
14.248428	0.015	0	0.149995725129278	-0.581401537186965
14.298413	0.022	0	0.110030508927694	-1.00103690312304
14.348403	0.026	0	0.049915045711621	-1.2004697829303
14.397414	0.027	0	-0.00882123279629016	-1.18610790713519
14.448402	0.025	0	-0.0686448525549995	-1.09935452277278
14.499389	0.02	0	-0.120928058121982	-0.83734108828942
14.548376	0.013	0	-0.15309476003816	-0.498349774774859
14.597367	0.005	0	-0.169754106001255	-0.173123777394322
14.648365	-0.004	0	-0.169721470498256	0.20011635512261
14.697376	-0.012	0	-0.150517945639572	0.507791433837825
14.748361	-0.019	0	-0.1184772854799	0.800644160079807
14.798347	-0.024	0	-0.0700168109773122	0.984880197530881
14.848361	-0.026	0	-0.0199884031271183	1.10033013833285
14.898345	-0.026	0	0.040008001472227	1.20016617354579
14.948333	-0.022	0	0.0999946084064003	0.900154078464258
14.998342	-0.016	0	0.130008111836231	0.600496184763786
15.04833	-0.009	0	0.160042411363068	0.415906004144706
15.098316	0	0	0.171588638376538	-0.0037998578669246
15.147307	0.008	0	0.160128892847308	-0.426530970815267
15.198317	0.016	0	0.12814130593321	-0.796652799472493
15.248304	0.021	0	0.0800128076495711	-0.881511740588454
15.298311	0.024	0	0.0399986739377727	-0.899286532546633
15.3473	0.025	0	-0.00881321602603412	-1.09519062942487
15.398283	0.023	0	-0.0698917809905634	-1.09922040374046
15.448297	0.018	0	-0.120020829814754	-0.801457913768768
15.498277	0.011	0	-0.150046416262249	-0.416787082956254
15.548265	0.003	0	-0.161683257249	-0.0990483706158806
15.597256	-0.005	0	-0.160114151610835	0.22651119898856
15.648276	-0.013	0	-0.138224091827752	0.598403808598415
15.698267	-0.019	0	-0.100013802806583	0.782274437991506
15.748265	-0.023	0	-0.0600050019947871	0.900217030551707
15.79825	-0.025	0	-0.0100100033370344	1.10040611893346
15.848249	-0.024	0	0.0500208095639887	1.08663314893054
15.89823	-0.02	0	0.0986356824106504	0.785444854890612
15.94924	-0.014	0	0.128954401306342	0.507292489056517
15.99922	-0.007	0	0.150044715735197	0.224026269532681
16.049209	0.001	0	0.15134652004589	-0.0890837410544609
16.098219	0.008	0	0.14144872298743	-0.314077440086164
16.148204	0.015	0	0.120033609614814	-0.614541902619118
16.198192	0.02	0	0.080010008656746	-0.903469286623342
16.248203	0.023	0	0.0296828542988598	-1.00226185031113
16.297189	0.023	0	-0.0192191451342008	-0.996080510080662
16.348178	0.021	0	-0.0698912820898029	-0.896985386509622
16.398192	0.016	0	-0.110004315940909	-0.701516082512999
16.448179	0.01	0	-0.140049018473336	-0.500156207511655
16.498159	0.002	0	-0.16000484395595	-0.0995628927761323
16.548176	-0.006	0	-0.149982822066599	0.399936159049935
16.598167	-0.013	0	-0.120018403184593	0.599766123403927
16.648162	-0.018	0	-0.0900146034929796	0.701170425390795
16.698149	-0.022	0	-0.0499155981345276	0.903332246222389
16.747131	-0.023	0	-0.000813969310246075	1.00036365305644
16.798147	-0.022	0	0.0501101349324904	0.998317200380078
16.848142	-0.018	0	0.100026809835739	0.799378851271777
16.898125	-0.012	0	0.130035210459363	0.39989604367696
16.948114	-0.005	0	0.140002811256674	0.18322613866946
16.998123	0.002	0	0.14835681095487	-0.11157892614825
17.04911	0.01	0	0.128183458877082	-0.480322880342317
17.099096	0.015	0	0.100025006431697	-0.580750624749742
17.149085	0.02	0	0.0701228106215224	-0.808459583807103
17.19809	0.022	0	0.0204021243677674	-1.00955645839074
17.247076	0.022	0	-0.0288048280753964	-0.999712728367936
17.298093	0.019	0	-0.0795522549609186	-0.800269013679859
17.34814	0.014	0	-0.110056856693396	-0.60527870374712
17.398064	0.008	0	-0.140063614105578	-0.399922550643699
17.448071	0	0	-0.149988102400603	0.100494867810483
17.498071	-0.007	0	-0.130017608963411	0.408386917753986
17.548055	-0.013	0	-0.109156232035497	0.500790671160538
17.599047	-0.018	0	-0.0792798801864677	0.687383944425302
17.648031	-0.021	0	-0.0408338590055597	0.892757005080249
17.698024	-0.022	0	0.00930249031820285	1.00668993522371
17.749037	-0.02	0	0.0608557421388665	0.895277806306071
17.798028	-0.016	0	0.0992909346456416	0.600298302350844
17.849024	-0.01	0	0.12012385833775	0.314900492722509
17.898006	-0.004	0	0.131143711958776	0.201242646318905
17.948015	0.003	0	0.139995806425428	-0.111288185127761
17.998009	0.01	0	0.120023207230718	-0.506630995722091
18.047992	0.015	0	0.089346715990415	-0.703071920024607
18.098984	0.019	0	0.0488484256644498	-0.790282922356592
18.147991	0.02	0	0.0103039320283435	-0.796184885865608
18.197981	0.02	0	-0.0299907011488427	-0.903365659265347
18.247988	0.017	0	-0.0800332329644751	-0.80026914285383
18.297958	0.012	0	-0.110014036419771	-0.485277698810009
18.347968	0.006	0	-0.128542117750476	-0.198596816720799
18.39896	-0.001	0	-0.129731804239191	0.0888430304228182
18.447946	-0.007	0	-0.120100958639699	0.300269633648423
18.498958	-0.013	0	-0.0992767020018879	0.495004082230283
18.547939	-0.017	0	-0.0709495040342644	0.697417294293434
18.597927	-0.02	0	-0.0300117032138055	0.909591713353319
18.64793	-0.02	0	0.0200042005580591	0.900058025493272
18.697924	-0.018	0	0.0599932025997483	0.68933526585977
18.747932	-0.014	0	0.0889360102399205	0.602963275806468
18.798921	-0.009	0	0.120938630130078	0.418102762849303
18.847901	-0.002	0	0.131558650879868	0.00743194242890384
18.897917	0.004	0	0.121235914765472	-0.21272800901761
18.946903	0.01	0	0.110511077088288	-0.415919491401381
18.997899	0.015	0	0.0788433356569683	-0.699704162371881
19.047881	0.018	0	0.0400144058623336	-0.788567683171562
19.097876	0.019	0	4.39991204913151E-06	-0.800200092318421
19.147882	0.018	0	-0.0400064018082084	-0.709498898772718
19.197874	0.015	0	-0.0709466080036257	-0.697760720412939
19.246856	0.011	0	-0.108908888164556	-0.583995353168295
19.297849	0.004	0	-0.12854744966763	-0.104419627500552
19.347853	-0.002	0	-0.120004803648434	0.185453365456099
19.397845	-0.008	0	-0.110003205632092	0.300061995238463
19.447853	-0.013	0	-0.0899954036757249	0.600022021602455
19.497847	-0.017	0	-0.0500054006841251	0.799070444269231
19.547835	-0.018	0	-0.0101027326101583	0.703301642641799
19.598836	-0.018	0	0.0208260247585001	0.611559170483275
19.647821	-0.016	0	0.0510243676582021	0.694584550708402
19.696822	-0.013	0	0.0888880862522212	0.594097228471588
19.74781	-0.007	0	0.109703343974726	0.213044647090901
19.796809	-0.002	0	0.110951117052871	0.102749800504646
19.846793	0.004	0	0.120027608294808	-0.115225850919529
19.896786	0.01	0	0.0994258390263844	-0.507037241354788
19.947796	0.014	0	0.0686202451097303	-0.590190147650506
19.998793	0.017	0	0.0392219558904883	-0.789836825415091
20.04878	0.018	0	-0.0107139057937211	-0.800707543672327
20.097773	0.016	0	-0.0404223174316536	-0.586636530239026
20.147755	0.014	0	-0.0687368081420836	-0.691486908397019
20.198753	0.009	0	-0.110505232963501	-0.409944598272948
20.247742	0.003	0	-0.111337231940518	0.0170840236258244
20.29776	-0.002	0	-0.108742947984498	0.117820653301097
20.348741	-0.008	0	-0.0993092142278603	0.283098852398281
20.397734	-0.012	0	-0.0808226875818055	0.496682164797882
20.447744	-0.016	0	-0.0498909078393007	0.714241122396691
20.49673	-0.017	0	-0.010309719705887	0.702407592633365
20.546712	-0.017	0	0.0194124678154913	0.692319080918741
20.597708	-0.015	0	0.0597993424910286	0.697092858764405
20.647719	-0.011	0	0.0900088127298533	0.502017715919978
20.697704	-0.006	0	0.110004410650312	0.200023967672887
20.747711	0	0	0.110000807016722	-0.0997738713044951
20.7977	0.005	0	0.100031011234486	-0.199828971871236
20.84768	0.01	0	0.0900241115323257	-0.400282133406706
20.897677	0.014	0	0.060005201048286	-0.70227362923982
20.947666	0.016	0	0.0198082100590755	-0.70117992189436
20.996684	0.016	0	-0.00961448126334136	-0.598265621220345
21.047667	0.015	0	-0.0400110251085835	-0.698994449272541
21.097658	0.012	0	-0.0799928051837612	-0.599971764973047
21.147667	0.007	0	-0.10000100723022	-0.200228071281938
21.197657	0.002	0	-0.100023005471346	-0.000250041424533259
21.247644	-0.003	0	-0.100026006761755	0.100210979338105
21.297631	-0.008	0	-0.0900045130229977	0.300264064906854
21.347645	-0.012	0	-0.0699939103203016	0.499990022558287
21.397632	-0.015	0	-0.0400104033809771	0.60104130986311
21.447632	-0.016	0	-0.00989756127128744	0.697424765244538
21.496618	-0.016	0	0.0288338409091329	0.777683998742802
21.547601	-0.013	0	0.0677938369246115	0.596030112229078
21.599601	-0.009	0	0.0898693896122319	0.3340539721671
21.648589	-0.004	0	0.102058521397348	0.113894374142475
21.697584	0.001	0	0.101027212997937	-0.119763334395422
21.747593	0.006	0	0.0899992085048134	-0.310151922442261
21.79758	0.01	0	0.0700172042810779	-0.400008054413975
21.847569	0.013	0	0.0500080022005555	-0.502209837018335
21.897568	0.015	0	0.0198002081386586	-0.701199584098944
21.946576	0.015	0	-0.0192252542487928	-0.692432002736727
21.997562	0.013	0	-0.0490196113115763	-0.502394153303924
22.048568	0.01	0	-0.0704621593158954	-0.406174994471223
22.097559	0.006	0	-0.0896920576576322	-0.290130483999545
22.148546	0.001	0	-0.0990517635122834	-0.00679920772313415
22.198536	-0.004	0	-0.0907276568708663	0.175986544163342
22.247545	-0.008	0	-0.0816476716120704	0.304754585141911
22.296518	-0.012	0	-0.0608757927109714	0.517595147286413
22.347526	-0.014	0	-0.0295097659741504	0.602515161020012
22.397518	-0.015	0	3.20153657124066E-06	0.595262319972566
22.447502	-0.014	0	0.0300021011975077	0.59997206658282
22.497501	-0.012	0	0.0599902027294039	0.611228788548508
22.547511	-0.008	0	0.09113073314395	0.400586087994368
22.596506	-0.003	0	0.100096515992911	-0.0138060160134895
22.647494	0.002	0	0.0889499673850396	-0.198417454582186
22.697484	0.006	0	0.0800208059858535	-0.289460110726971
22.747468	0.01	0	0.060012812289303	-0.396069773391613
22.797484	0.012	0	0.040414098697437	-0.39386921577855
22.846465	0.014	0	0.0210250803586985	-0.590185245480615
22.898458	0.014	0	-0.0203859501184489	-0.794306370238453
22.948466	0.012	0	-0.0600034017699212	-0.604485980440152
22.998461	0.008	0	-0.0808412421296851	-0.198445813824345
23.047446	0.004	0	-0.0800821855453887	-0.0808276875041112
23.098439	0	0	-0.089316995963419	-0.10386768703826
23.148448	-0.005	0	-0.0907235555386374	0.190034198803828
23.197435	-0.009	0	-0.0709457336489843	0.510212852364713
23.247419	-0.012	0	-0.0400128041973963	0.608592495575254
23.297408	-0.013	0	-0.0101030187352542	0.501267793704052
23.348415	-0.013	0	0.0104136125112723	0.407351769074522
23.3974	-0.012	0	0.030608604116074	0.498341329168575
23.44641	-0.01	0	0.0592528757832825	0.490143743814447
23.497402	-0.006	0	0.0792425386844593	0.302892095163578
23.547386	-0.002	0	0.0900156052339489	0.00764206121232646
23.597382	0.003	0	0.0800016020478054	-0.190867065200642
23.64739	0.006	0	0.0709283615693147	-0.193616714664926
23.696383	0.01	0	0.0608578300350259	-0.503083631128834
23.747371	0.012	0	0.0194182289289973	-0.598494250259178
23.797359	0.012	0	0	-0.394279809543817
23.847366	0.012	0	-0.0200080019044256	-0.500201080862567
23.897355	0.01	0	-0.050014504436403	-0.500215080958981
23.947339	0.007	0	-0.070017004613377	-0.308202299285974
23.997329	0.003	0	-0.0808256173298441	-0.107043467574517
24.046337	-0.001	0	-0.0808264017175876	0.015821935678258
24.096326	-0.005	0	-0.079227908116597	0.212234251485733
24.147332	-0.009	0	-0.0590214304656963	0.488144701417201
24.197324	-0.011	0	-0.0301109626136629	0.489319839350489
24.246307	-0.012	0	-0.0104132457057151	0.405115083136544
24.297304	-0.012	0	0.0104046991348458	0.500059189805532
24.346314	-0.011	0	0.039238311046643	0.500171055566877
24.397305	-0.008	0	0.0600659964069249	0.309170708937066
24.446285	-0.005	0	0.0705378752203742	0.194015232619835
24.496274	-0.001	0	0.079227154945195	0.087772112379317
24.547281	0.003	0	0.0792255222316854	-0.0931744316972275
24.597272	0.007	0	0.0700041041212259	-0.392252457685256
24.64728	0.01	0	0.039993602624024	-0.600047013778905
24.697268	0.011	0	0.0100018002520067	-0.400032043533384
24.74725	0.011	0	0	-0.38760415361502
24.79626	0.011	0	-0.0280069618278129	-0.588406603448125
24.848242	0.008	0	-0.0595281810774047	-0.305722730746428
24.89723	0.005	0	-0.0606243166884928	-0.104139966285144
24.947233	0.002	0	-0.0700048016721996	-0.193789842946546
24.997226	-0.002	0	-0.0800024020081749	1.50023799219626E-05
25.04723	-0.006	0	-0.0699989011050201	0.400024002837109
25.097225	-0.009	0	-0.0400040008843486	0.500022017711913
25.147209	-0.01	0	-0.0200050014464595	0.300093028699237
25.1972	-0.011	0	-0.0100036006481152	0.394203584374759
25.247209	-0.011	0	0.0194223472733173	0.497215999608239
25.298197	-0.009	0	0.0400334120261182	0.40810365824228
25.347204	-0.007	0	0.0602156374218471	0.300177498335267
25.397197	-0.003	0	0.069528603984195	0.103185398858125
25.448185	0	0	0.0704683875071842	0.0139563487608352
25.497178	0.004	0	0.0709414800833914	-0.202418742911754
25.547159	0.007	0	0.0500109090860598	-0.41043989356029
25.597167	0.009	0	0.0299024555432922	-0.400045485565905
25.648149	0.01	0	0.0096143659798437	-0.398104433750553
25.697163	0.01	0	-0.00990578435381267	-0.400186815000974
25.747145	0.009	0	-0.0300063017015733	-0.401000676259475
25.797136	0.007	0	-0.0499950041795948	-0.399936991445163
25.847147	0.004	0	-0.0700008043595858	-0.200083007094425
25.89714	0	0	-0.0700113019453581	0.105755725408013
25.94713	-0.003	0	-0.059427665441281	0.201821952902231
25.998123	-0.006	0	-0.0496507603657188	0.185915599554566
26.047104	-0.008	0	-0.0408180023981698	0.294293365386894
26.096119	-0.01	0	-0.0208034355525448	0.408193875982539
26.147102	-0.01	0	0	0.403967296423836
26.197086	-0.01	0	0.0199920008958331	0.500044993948371
26.247094	-0.008	0	0.0500053038834789	0.400033998680246
26.297083	-0.005	0	0.0600018043863906	0.0999939953496238
26.347091	-0.002	0	0.0600006034740976	0.000144068194802912
26.397082	0.001	0	0.0600162053479657	0.000156032779187698
26.447064	0.004	0	0.0600162053479742	-0.200108035437231
26.497055	0.007	0	0.0400072024522749	-0.400154068274501
26.547063	0.008	0	0.020001202008351	-0.299994991628569
26.597049	0.009	0	0.0100051015434355	-0.297085333267393
26.647058	0.009	0	-0.00971031385658599	-0.400273832107258
26.698049	0.008	0	-0.0304345275611595	-0.399231985322386
26.747031	0.006	0	-0.049651080491974	-0.293921709514094
26.798023	0.003	0	-0.0594153848694755	-0.106931558480597
26.848034	0	0	-0.0606157906451831	-0.012059972388386
26.897028	-0.003	0	-0.0606334272250296	0.104973596770113
26.947009	-0.006	0	-0.0500160060424255	0.307317000823464
26.997	-0.008	0	-0.0299084340717734	0.401138996838655
27.048011	-0.009	0	-0.00950240074064994	0.395082358025469
27.095998	-0.009	0	0.0092329774491262	0.39789178271034
27.147985	-0.008	0	0.0303386468794457	0.298841921431944
27.196997	-0.006	0	0.0400349428884145	0.201012145388514
27.247975	-0.004	0	0.0504505938147771	0.205971668677302
27.296969	-0.001	0	0.0606199029786335	-0.000277074836645958
27.346973	0.002	0	0.0499990009400377	-0.0988629769469852
27.396967	0.004	0	0.0507315324755114	-0.0946961676707357
27.445953	0.007	0	0.0408441985849068	-0.402073699825865
27.496951	0.008	0	0.00970830816310273	-0.400292837238585
27.54696	0.008	0	0	-0.303341682800911
27.596943	0.008	0	-0.0206177559157004	-0.404368410721861
27.645932	0.006	0	-0.0400371460853982	-0.295218494802535
27.696931	0.004	0	-0.0497209561224294	-0.0968737590877611
27.746917	0.001	0	-0.0500065065958881	-0.00288503416127592
27.796928	-0.001	0	-0.0500093094693581	-0.0031997943279176
27.84691	-0.004	0	-0.0503262813455329	0.102997542223861
27.895902	-0.006	0	-0.0400295784254891	0.305318675869642
27.946918	-0.008	0	-0.0193988578767992	0.396215898225075
27.996889	-0.008	0	0	0.291227190467463
28.045893	-0.008	0	0.00961108853038341	0.295109815890255
28.096883	-0.007	0	0.0299103308267579	0.29905178078668
28.146874	-0.005	0	0.0400056009121631	0.194039587257939
28.196869	-0.003	0	0.0493115097784897	0.0971615575974258
28.247882	0	0	0.0496366976189152	-0.088685289282404
28.296866	0.002	0	0.0408213284614044	-0.101702266450762
28.34587	0.004	0	0.0396742270526346	-0.11006129371542
28.397864	0.006	0	0.0291713645149468	-0.296239234562146
28.446848	0.007	0	0.010311471986384	-0.296551083128325
28.496841	0.007	0	0	-0.303194080889068
28.546831	0.007	0	-0.0200022002060128	-0.396171972493945
28.596824	0.005	0	-0.0396104386128156	-0.303218856373495
28.647835	0.003	0	-0.050445466968456	-0.110180975008372
28.696824	0	0	-0.0510337397779948	0.10626329057594
28.745807	-0.002	0	-0.0400360590358817	0.118571873924526
28.796816	-0.004	0	-0.0396156824898719	0.101171485999228
28.846798	-0.006	0	-0.0300076067054256	0.2961621184792
28.896812	-0.007	0	-0.00999400155155911	0.30002400144005
28.946794	-0.007	0	0	0.197977367871887
28.995783	-0.007	0	0.00960389921483774	0.295029883810096
29.046793	-0.006	0	0.0299110556538367	0.299078579009667
29.096779	-0.004	0	0.040010402736727	0.100995760794295
29.146767	-0.002	0	0.0400076016443886	0.10703899412482
29.19676	0	0	0.0507133394121754	0.00410884235540332
29.245771	0.003	0	0.0408228525470617	-0.212512434780296
29.296762	0.004	0	0.0294183983058765	-0.211832504718409
29.34775	0.006	0	0.0192203146081869	-0.298097220284806
29.396739	0.006	0	0	-0.198190880530955
29.446748	0.006	0	0	-0.198214360190422
29.495737	0.006	0	-0.019222591637478	-0.396088923371285
29.546721	0.004	0	-0.0396132739462462	-0.198029603174596
29.596732	0.002	0	-0.0396117650836632	-0.00415101182310037
29.64772	0	0	-0.0400407718234909	-0.00809174447804819
29.69671	-0.002	0	-0.0404220235323359	0.0992145857048261
29.746696	-0.004	0	-0.0300056047044383	0.20422253656192
29.79671	-0.005	0	-0.0200000031360014	0.2000270224203
29.846696	-0.006	0	-0.0100029008392412	0.200054044832107
29.896683	-0.006	0	0	0.199087181495623
29.947686	-0.006	0	0.0101008140379143	0.30430077604756
29.997681	-0.005	0	0.0305216719862659	0.304148017591228
30.046666	-0.003	0	0.0404139626480008	0.0979205324941664
30.096678	-0.001	0	0.0399996042358708	9.82070752672778E-05
30.146667	0.001	0	0.0404233979066131	-0.0988232335106233
30.195651	0.003	0	0.0304322792891506	-0.206103000359088
30.246656	0.004	0	0.0198065531071011	-0.101124212524709
30.296648	0.005	0	0.020004000864198	-0.198097304994319
30.346636	0.006	0	2.40086424160678E-06	-0.400100043686111
30.39663	0.005	0	-0.019998801367761	-0.200092040568621
30.446642	0.004	0	-0.020000803168377	-0.100078010277282
30.496626	0.003	0	-0.030000601524568	-0.196156321147318
30.546628	0.001	0	-0.0396135485373628	-0.101198862795166
30.597621	-0.001	0	-0.0400389264958605	0.0950187048950017
30.646611	-0.003	0	-0.0305192237381606	0.202243484148829
30.696604	-0.004	0	-0.0200042010783079	0.20620946007711
30.74659	-0.005	0	-0.00990255044699859	0.202103746936904
30.795584	-0.005	0	0	0.197305010648458
30.846597	-0.005	0	0.00980949804046497	0.196253667957958
30.897582	-0.004	0	0.0200172599484563	0.100089325719528
30.946589	-0.003	0	0.0202060284198816	0.0989843725132327
30.996582	-0.002	0	0.0300062013563076	0.198079562336615
31.046571	0	0	0.0400104028328019	6.00408205054801E-06
31.096556	0.002	0	0.0300084025207783	-0.200120049457251
31.146547	0.003	0	0.0200032005280884	-0.199113508723692
31.19654	0.004	0	0.0101002415708549	-0.198082948941639
31.247531	0.004	0	0	-0.0980636424284479
31.297527	0.004	0	0	-0.103095939321205
31.347536	0.004	0	-0.0103127902547332	-0.306138501504441
31.396521	0.003	0	-0.0301033341285264	-0.204085123862211
31.446528	0.001	0	-0.030102670678137	0.00486502375166648
31.495519	0	0	-0.0296314651254966	0.00598040692974801
31.546505	-0.002	0	-0.0295195778891926	0.0951103960953573
31.596503	-0.003	0	-0.020208659850154	0.0941153661435137
31.645493	-0.004	0	-0.0200194632479307	0.100119868485047
31.696486	-0.005	0	-0.00980488280148199	0.298372034625228
31.747475	-0.005	0	0.010408329148792	0.194280326351134
31.796471	-0.004	0	0.0104102293578259	0.100030027587096
31.847479	-0.004	0	0.0208223582655094	0.200954290124685
31.896472	-0.002	0	0.0305183942615065	0.0948412221281019
31.946457	-0.001	0	0.0300030009723708	-0.00612395005252709
31.996454	0.001	0	0.0299062099876332	-0.0969459276280485
32.047456	0.002	0	0.0200186697798941	-0.0930137159918154
32.096442	0.003	0	0.0202073559258239	-0.0981184290802283
32.146451	0.004	0	0.0100946262499092	-0.200129362673078
32.197434	0.004	0	0	-0.200081721797889
32.246442	0.004	0	-0.00990368107354925	-0.202090875160275
32.296429	0.003	0	-0.020006001864598	-0.100985442379316
32.346412	0.002	0	-0.0200000046239988	-0.0999099792395681
32.396429	0.001	0	-0.0300038041396473	-0.100002980585774
32.446418	-0.001	0	-0.0300065014133105	0.0979394932112623
32.496408	-0.002	0	-0.0202117155590186	0.09898307237864
32.545391	-0.003	0	-0.0200165554732558	0.10107542760204
32.596408	-0.004	0	-0.00970100542813375	0.198087225073054
32.646398	-0.004	0	0	0.0970314011119652
32.69639	-0.004	0	0	0.200120053000462
32.746377	-0.004	0	0.020005801678471	0.300142070636781
32.796363	-0.002	0	0.0300063033818046	3.00284160575573E-05
32.84637	-0.001	0	0.0200004010320618	-0.0999889960676183
32.896361	0	0	0.0200044010322567	3.60035219161462E-05
32.946348	0.001	0	0.0200040009442489	-0.00197691213487484
32.996341	0.002	0	0.0198067257286943	-0.100989186429193
33.047344	0.003	0	0.0096064897985572	-0.197992462525744
33.096339	0.003	0	0	-0.0990394894092736
33.146348	0.003	0	0	-0.097143514310463
33.196333	0.003	0	-0.00970910680016155	-0.198203288388787
33.24732	0.002	0	-0.0200210036460691	-0.101040553836909
33.296308	0.001	0	-0.0202073222414608	-0.00191493931835873
33.346315	0	0	-0.0202066844521327	0.00196174685522201
33.395306	-0.001	0	-0.0200170333482083	0.00399044643535219
33.446311	-0.002	0	-0.0198071653331828	-0.00205674424517847
33.4963	-0.003	0	-0.0202123367906021	0.0970129046461044
33.545281	-0.004	0	-0.0104155796793727	0.299081706430934
33.596295	-0.004	0	0.0101055181162249	0.299134404261991
33.646278	-0.003	0	0.0200066021827188	-0.00200710563918048
33.696262	-0.002	0	0.00990447359050482	-0.103070149492657
33.745269	-0.002	0	0.00961195780821626	0.0949478564772483
33.796257	-0.001	0	0.0198066976825571	0.103045483589487
33.846264	0	0	0.0202073222414612	0.00396849090040565
33.895252	0.001	0	0.0202077138784066	-0.0039642263043934
33.945257	0.002	0	0.0198067282237623	-0.102105009949208
33.996247	0.003	0	0.00970844327289793	-0.196112893941911
34.046234	0.003	0	0	-0.195193559904928
34.095225	0.003	0	-0.0096095036315388	-0.200024185575135
34.146216	0.002	0	-0.0200146379326133	-0.100017873107299
34.19523	0.001	0	-0.0200151918522305	-6.19370356170287E-05
34.246218	0	0	-0.0200210356957285	0.099994901309319
34.295205	-0.001	0	-0.0104109784366458	0.10305463688618
34.346192	-0.001	0	-0.0100983392704963	-0.0969403519426654
34.39619	-0.002	0	-0.0199986005818905	0.000981534233157713
34.446199	-0.003	0	-0.00999580061188386	0.199997995140869
34.496184	-0.003	0	0	0.197093484777172
34.546194	-0.003	0	0.00971241823635526	0.0970581380711815
34.597178	-0.002	0	0.00961119576371512	0.00521229606747267
34.646166	-0.002	0	0.0102053312310263	0.106223919822207
34.695158	-0.001	0	0.0200197682245254	0.00310360839638948
34.746147	0	0	0.00971186726797683	0.00383193244324385
34.796166	0	0	0.0200110022065504	0.104850316453805
34.846154	0.002	0	0.0202038962806407	-0.194184389619575
34.897147	0.002	0	0	-0.194119725510797
34.946129	0.002	0	0	
34.996141	0.002	0		
