MIN=0	-0.2	0	-2	-20
MAX=35	0.2	1	2	20
SCALE=35	0.5	0.5	1	10
DEC=2	3	0	2	2
"Tiempo" t / s	"Recorrido" s_A1 / m	"Fuente" S_1	"Velocidad" v / m/s	"Aceleración" a / m/s^2
0	0.003	0		
0.0489900000000034	0.027	0	0.469391754763255	
0.098001	0.049	0	0.39230254313953	-2.10190038915733
0.148983000000001	0.066	0	0.257089162960293	-2.90038321156493
0.197973000000001	0.075	0	0.103314960636539	-3.17940185044439
0.248983000000003	0.076	0	-0.0610180657912277	-3.24086890926202
0.298973	0.069	0	-0.223973852371722	-2.99414828479715
0.347956000000003	0.054	0	-0.357887473355394	-2.24358040211046
0.398966000000001	0.033	0	-0.446287388217616	-1.40102846573979
0.448946000000003	0.009	0	-0.500054278570215	-0.482293136236203
0.498953	-0.017	0	-0.494478375725326	0.702913391022019
0.547936	-0.04	0	-0.431671690556909	1.75498481220543
0.598925000000001	-0.06	0	-0.317093438395051	2.60143190506078
0.647931000000003	-0.072	0	-0.172919394974946	3.06788602593466
0.698922000000003	-0.077	0	-0.0098040173829026	3.1953559053108
0.749912000000002	-0.073	0	0.15294620270317	3.00703509591244
0.798904	-0.062	0	0.291569246876369	2.60175800964829
0.848905000000002	-0.044	0	0.410037709912738	1.93776962496919
0.898897000000002	-0.021	0	0.485340412227305	0.854607601029753
0.947906000000003	0.004	0	0.495913338170082	-0.378181760973182
0.999897000000001	0.029	0	0.443494176807571	-1.39577017800768
1.048881	0.049	0	0.357238680832058	-2.03898381782258
1.097873	0.064	0	0.243718248427822	-2.58702997897095
1.147882	0.073	0	0.100565434561743	-3.11231621322818
1.198867	0.074	0	-0.0710993341289322	-3.30998886754913
1.248855	0.066	0	-0.233766573209234	-2.83557803701846
1.297866	0.051	0	-0.352628574252327	-2.04092625740222
1.34785	0.031	0	-0.435052827465205	-1.3217088985828
1.39884	0.007	0	-0.485421646245906	-0.332936336059218
1.448852	-0.018	0	-0.469948726570529	0.820405456534243
1.498849	-0.04	0	-0.403389045283783	1.69676417107173
1.547829	-0.058	0	-0.302743946317742	2.44887813428298
1.598821	-0.07	0	-0.156951543320836	3.00149669572566
1.647811	-0.074	0	-0.00320717706984626	3.16867407621648
1.698804	-0.07	0	0.15998624219282	2.99847759948138
1.748813	-0.058	0	0.30003843163692	2.40109817686168
1.7988	-0.04	0	0.400104027047031	1.64843481098617
1.848787	-0.018	0	0.464839053430448	0.696070277609936
1.8998	0.007	0	0.469165431241837	-0.420371455262041
1.948788	0.029	0	0.424806861258381	-1.2963534441312
1.998785	0.049	0	0.34004901784493	-2.04813510125602
2.048769	0.063	0	0.220041439296366	-2.7009090776202
2.098782	0.071	0	0.0699488083883993	-3.1006971856614
2.148765	0.07	0	-0.0900099007830366	-3.00071627092285
2.198757	0.062	0	-0.230044208645711	-2.54412053758738
2.248747	0.047	0	-0.34437718840674	-1.99749658244553
2.29774	0.028	0	-0.428334157157485	-1.22853942467839
2.348747	0.004	0	-0.465236932933314	-0.163081024714952
2.398741	-0.019	0	-0.445929606940858	0.855138104033925
2.449723	-0.041	0	-0.377952715683666	1.73708992151922
2.498735	-0.057	0	-0.273791035597693	2.39777534330275
2.548714	-0.068	0	-0.140062230456148	2.93867962981565
2.59871	-0.071	0	0.0200124032247128	3.00122644574879
2.6487	-0.066	0	0.16002080307252	2.74385677450166
2.698694	-0.055	0	0.294353723977347	2.30698221355117
2.74771	-0.037	0	0.389171119255619	1.48668444564538
2.798682	-0.016	0	0.441217849938561	0.646659427307059
2.849695	0.008	0	0.455089965726861	-0.38774172310487
2.899693	0.03	0	0.403377487984812	-1.32819354876263
2.948675	0.048	0	0.324216510501197	-2.04572016856973
2.998664	0.062	0	0.200036416446486	-2.64845917245755
3.048672	0.068	0	0.0593722936367879	-2.89607806431492
3.09766	0.068	0	-0.0864956383579873	-2.98315193523617
3.148646	0.059	0	-0.238887870752415	-2.60245552673982
3.198639	0.044	0	-0.350049006860965	-1.75529592313369
3.248632	0.024	0	-0.414392888922852	-0.896460110343663
3.297646	0.003	0	-0.439562134993808	-0.125215165092985
3.34863	-0.02	0	-0.425353522904816	0.79791306775683
3.398619	-0.04	0	-0.360017634848849	1.65363240974641
3.44863	-0.056	0	-0.259975026981355	2.40003202161062
3.498618	-0.066	0	-0.120035211010687	2.90019810006619
3.548622	-0.068	0	0.0300248053133909	2.87085421892119
3.59861	-0.063	0	0.167031406774576	2.60036319995712
3.649593	-0.051	0	0.292303847820055	2.14924106584723
3.698583	-0.034	0	0.383100786368472	1.45316105180983
3.74859	-0.013	0	0.435339943797934	0.467445862626531
3.799583	0.01	0	0.429163376483819	-0.596165217665552
3.848586	0.03	0	0.377579572212298	-1.27741045381909
3.897573	0.047	0	0.303997116754492	-1.8916613355799
3.947556	0.06	0	0.189577917122051	-2.62676092080329
3.998572	0.066	0	0.0379922043740365	-2.88808608631167
4.048555	0.064	0	-0.102286143931212	-2.67857044566991
4.09754	0.056	0	-0.227353395509532	-2.4025209449622
4.148553	0.041	0	-0.341909733793601	-1.80120635219945
4.197538	0.022	0	-0.409237181363963	-0.820146595809253
4.248526	0	0	-0.42163630977946	0.0954156139154897
4.299522	-0.021	0	-0.399500897481449	0.787015943028675
4.348531	-0.04	0	-0.344306094294083	1.60104987160827
4.398521	-0.055	0	-0.240057616517528	2.44324405342299
4.448503	-0.064	0	-0.100055825045858	2.80106829261331
4.498518	-0.065	0	0.0400408111292048	2.70093729036351
4.5485	-0.06	0	0.170036409234851	2.50088824832362
4.59849	-0.048	0	0.290058011602314	2.05592991783194
4.64848	-0.031	0	0.375588282419693	1.29899378860052
4.699473	-0.01	0	0.420399631756119	0.265168008992179
4.748465	0.011	0	0.404508578322203	-0.604479565303481
4.798482	0.03	0	0.35997046260182	-1.24449263658996
4.84847	0.047	0	0.280073620165756	-1.99986450160902
4.898454	0.058	0	0.160043220870887	-2.49037118923316
4.948458	0.063	0	0.0310628251940098	-2.69992066220893
4.999447	0.061	0	-0.112869627621962	-2.61654643229591
5.048453	0.052	0	-0.231380884271812	-2.14045205575599
5.098441	0.038	0	-0.324210375769833	-1.6335332344039
5.147425	0.02	0	-0.393499221174431	-0.877655351700261
5.197417	-0.001	0	-0.409983736761746	0.0710848385355333
5.24743	-0.021	0	-0.386373543588631	0.923792847177379
5.298425	-0.04	0	-0.315777397361898	1.76401266118389
5.348406	-0.053	0	-0.209012854016407	2.26031777714061
5.399395	-0.061	0	-0.0873001684072063	2.48611584732097
5.448406	-0.062	0	0.0392143815678728	2.59855639053559
5.498395	-0.057	0	0.169990905543891	2.50849528882171
5.548399	-0.045	0	0.290043122176641	2.0013987464315
5.598386	-0.028	0	0.370126346709275	1.06138034449945
5.648366	-0.008	0	0.396153700354818	0.20243304122855
5.699378	0.012	0	0.389906663980242	-0.559332310856165
5.748368	0.031	0	0.341951039705399	-1.39996666679875
5.799354	0.046	0	0.248228398844346	-1.99941605605998
5.848364	0.056	0	0.14264219812431	-2.29270617439359
5.898352	0.06	0	0.0209818088955194	-2.50391996855094
5.949334	0.058	0	-0.110319401825132	-2.51793279463053
5.999326	0.049	0	-0.2333767007803	-2.13693816748906
6.048333	0.035	0	-0.322507308993787	-1.428416083517
6.098322	0.017	0	-0.374009918204359	-0.673662120926986
6.147333	-0.002	0	-0.389890577813949	0.0339116270177746
6.198327	-0.022	0	-0.369170301734308	0.89925068862157
6.247312	-0.039	0	-0.301925943735632	1.70928017144764
6.2983	-0.052	0	-0.196912749149407	2.20029700681825
6.348307	-0.059	0	-0.0799804039200262	2.48863688849025
6.398293	-0.06	0	0.0519272072383726	2.60306286335409
6.447295	-0.054	0	0.177761398779666	2.37151567025817
6.498288	-0.042	0	0.288268865360999	1.79769360241206
6.548265	-0.025	0	0.360017698844523	0.917663856573156
6.598279	-0.006	0	0.379988647837714	0.100484802286677
6.648268	0.013	0	0.370081417911939	-0.525943914229649
6.698257	0.031	0	0.327405827180867	-1.30063697988428
6.749266	0.046	0	0.237798630102015	-2.06128885644764
6.798238	0.055	0	0.122532248511755	-2.41391454818482
6.848245	0.058	0	-0.00125413714153275	-2.42559014879958
6.897228	0.055	0	-0.117677848261216	-2.27950335968025
6.948236	0.046	0	-0.228781683608936	-1.89870925642818
6.998223	0.032	0	-0.310002926860494	-1.41256824560276
7.048231	0.015	0	-0.370022527733848	-0.700876391464287
7.09822	-0.005	0	-0.380107434069777	0.300147828354784
7.148202	-0.023	0	-0.340023475158171	1.00121232834648
7.198217	-0.039	0	-0.279976050397864	1.59995214406706
7.248202	-0.051	0	-0.180052215394599	2.20019845530919
7.29819	-0.057	0	-0.0600144034568351	2.52258660371059
7.348178	-0.057	0	0.072145902897985	2.43074353497747
7.397176	-0.05	0	0.18101293024955	2.06371075161389
7.447187	-0.039	0	0.276148104364169	1.64665425933331
7.498171	-0.022	0	0.346814480593579	0.819438891470593
7.54818	-0.004	0	0.360000023327996	0.0327324072008704
7.598171	0.014	0	0.350096033333075	-0.576485922077556
7.648152	0.031	0	0.302375139378405	-1.30318184216573
7.69714	0.044	0	0.221806480848595	-1.83938791564957
7.748147	0.053	0	0.117643034424128	-2.31559250005974
7.798134	0.056	0	-0.0115022031208972	-2.50347834516173
7.847142	0.052	0	-0.130344100718649	-2.18027519800617
7.89713	0.043	0	-0.226856371268058	-1.75864190364215
7.948113	0.029	0	-0.307570111457089	-1.1760161791827
7.998126	0.012	0	-0.346411627329675	-0.527882855114219
8.049112	-0.006	0	-0.36039698445391	0.242925254767206
8.098096	-0.024	0	-0.324156692603839	1.10761881000492
8.148107	-0.038	0	-0.249984922325763	1.64128886651977
8.198097	-0.049	0	-0.160032806817436	2.00014724388187
8.248085	-0.054	0	-0.0500150041410916	2.300919276264
8.298079	-0.054	0	0.0700189047541531	2.30035521542433
8.348068	-0.047	0	0.17998241742314	2.00045226139731
8.398079	-0.036	0	0.270055359678949	1.60113835644261
8.448059	-0.02	0	0.340094234284305	0.799813951399715
8.49805	-0.002	0	0.350000325228385	-0.0338832531777861
8.54806	0.015	0	0.336697055859501	-0.604253840913935
8.59905	0.032	0	0.288301238003773	-1.4571476811148
8.648034	0.044	0	0.193018273461582	-1.90318700406382
8.698045	0.051	0	0.0999824096791519	-2.04554688827704
8.748034	0.054	0	-0.0115282666481077	-2.4052732971424
8.797027	0.05	0	-0.137752074606679	-2.184679775037
8.848011	0.04	0	-0.228354617764288	-1.60280967485238
8.89802	0.027	0	-0.299961205942966	-1.18124799683648
8.948025	0.01	0	-0.346497959847945	-0.371772656903992
8.998994	-0.008	0	-0.336412692018348	0.438279154368074
9.048996	-0.024	0	-0.302705014859963	0.929430972806277
9.097986	-0.038	0	-0.244917968093077	1.63311019580981
9.146994	-0.048	0	-0.142647151380079	2.16242342883439
9.196985	-0.052	0	-0.0306900817068291	2.19039171859448
9.247969	-0.051	0	0.0784290654425872	2.08284936560585
9.298967	-0.044	0	0.181721454505808	1.82669396716243
9.347976	-0.033	0	0.261886366715821	1.43884659036805
9.397964	-0.018	0	0.323773625737791	0.783303268336857
9.446955	-0.001	0	0.340314648098589	-0.0827198766230333
9.497952	0.016	0	0.313781644232928	-0.72075009682116
9.548935	0.031	0	0.266818165460701	-1.32633444566353
9.598947	0.043	0	0.180607853488647	-1.87336789889219
9.647928	0.049	0	0.0816731023651946	-2.02670647339891
9.697941	0.051	0	-0.0200382076184341	-2.19189736665318
9.747923	0.047	0	-0.137495869457547	-2.09804448992408
9.798912	0.037	0	-0.231367309221543	-1.53712984040071
9.847923	0.024	0	-0.292387699861101	-0.903010031106639
9.897912	0.008	0	-0.32008962740096	-0.277063603579669
9.947895	-0.008	0	-0.32008962740096	0.300605233099903
9.997884	-0.024	0	-0.290033913558194	1.00078837710394
10.047886	-0.037	0	-0.220009407347737	1.60311887979938
10.097875	-0.046	0	-0.129741722767218	2.00019814327835
10.148884	-0.05	0	-0.0175926760651453	2.17745027328989
10.197874	-0.048	0	0.0880848906962589	1.97440364037515
10.248866	-0.041	0	0.1790655823706	1.63251490708917
10.298858	-0.03	0	0.253243201296606	1.34601217138569
10.347846	-0.016	0	0.312567746456999	0.685118059465091
10.397859	0.001	0	0.319981234692452	-0.125019155798244
10.447849	0.016	0	0.300078022446972	-0.61689160977667
10.497833	0.031	0	0.258310737711942	-1.39815853825485
10.548836	0.042	0	0.157724032277831	-1.96863870015706
10.597826	0.047	0	0.0614467025122028	-1.89780530465418
10.647813	0.048	0	-0.0299792011911774	-1.91484703910682
10.697822	0.044	0	-0.130034120392384	-1.9007551861136
10.747806	0.035	0	-0.220046412419932	-1.56589787088776
10.797798	0.022	0	-0.286582566843735	-0.897658500319471
10.848808	0.006	0	-0.309820581446677	-0.153988508627737
10.897807	-0.009	0	-0.303171807462217	0.396180945721749
10.947781	-0.024	0	-0.270096357607396	0.9463689580705
10.997776	-0.036	0	-0.20855229691864	1.50400526011338
11.048784	-0.045	0	-0.117628610941264	1.97563989267247
11.099774	-0.048	0	-0.00704792959608802	2.19640900153547
11.147755	-0.046	0	0.0995901992211877	1.92154399297018
11.19777	-0.038	0	0.180005425756445	1.50466736064773
11.247758	-0.028	0	0.250067018144959	1.23130555046096
11.297744	-0.013	0	0.303104647895307	0.495731475406407
11.346753	0.002	0	0.30023579206676	-0.254042279842733
11.397744	0.017	0	0.276909767545622	-0.700012198557364
11.447747	0.03	0	0.230013412159237	-1.19017664455233
11.497734	0.04	0	0.157912077350996	-1.70679827663904
11.550715	0.046	0	0.0526371871003226	-2.07694781556931
11.596726	0.046	0	-0.0465181497818061	-1.99754074502236
11.647712	0.041	0	-0.139466479170095	-1.6864417715482
11.697697	0.032	0	-0.217070600865395	-1.30409610890628
11.748708	0.019	0	-0.270659913736882	-0.745362494741095
11.797686	0.005	0	-0.292814793490064	-0.174757175744788
11.847697	-0.01	0	-0.287379410665496	0.427416299543878
11.898684	-0.024	0	-0.249018365120351	1.05917261454038
11.947693	-0.035	0	-0.182656557887794	1.49994657828794
11.997683	-0.042	0	-0.100236087183829	1.72563296108146
12.046666	-0.045	0	-0.0120187911486428	1.8817585473862
12.097655	-0.043	0	0.088217806910253	1.89987207373742
12.148664	-0.036	0	0.181761721093906	1.52699689791901
12.197655	-0.025	0	0.242131540257008	0.99775967346281
12.247638	-0.012	0	0.280044021112599	0.507081445068088
12.297637	0.003	0	0.292822510375996	-0.124956796508742
12.346625	0.017	0	0.268436578636108	-0.761327024506008
12.39862	0.03	0	0.214307893672054	-1.36992727261154
12.448633	0.039	0	0.129971912680021	-1.74700166651506
12.498627	0.043	0	0.0395978049488303	-1.82910843505557
12.547614	0.043	0	-0.0510323851409845	-1.73841979924837
12.596602	0.038	0	-0.130723651546747	-1.57660886519482
12.646609	0.03	0	-0.207005527742753	-1.38859455627826
12.697598	0.017	0	-0.270694775806497	-0.711391400721716
12.746581	0.003	0	-0.280239514198376	0.0260353759631011
12.797595	-0.011	0	-0.267175444769472	0.501978140774269
12.847583	-0.024	0	-0.230038210790976	0.982242413286477
12.897581	-0.034	0	-0.16896016796721	1.40201369451743
12.948564	-0.041	0	-0.0881025692878694	1.80034874417605
12.997577	-0.043	0	0.0102391784584113	1.90420556843114
13.046557	-0.04	0	0.0985029923204045	1.69279537535654
13.097546	-0.033	0	0.179018301209284	1.39759473022847
13.147557	-0.022	0	0.24001162560126	0.882300476405784
13.197545	-0.009	0	0.26726297867575	0.300733599668704
13.248527	0.005	0	0.269885950492344	-0.255643390404212
13.297519	0.018	0	0.242903660150939	-0.814152477728625
13.34752	0.029	0	0.188753532181576	-1.22887692458197
13.39851	0.037	0	0.118506714301168	-1.47933056345607
13.447526	0.041	0	0.0412052305071594	-1.69966590489778
13.497518	0.041	0	-0.0500155045562906	-1.79132461538462
13.547505	0.036	0	-0.137889947018071	-1.60105311720512
13.598493	0.027	0	-0.211364598732047	-1.16145985018521
13.6475	0.015	0	-0.255116219528145	-0.59707335342744
13.696489	0.002	0	-0.269886041935492	-0.0101393831980229
13.747474	-0.012	0	-0.254943117849376	0.59734786515772
13.798475	-0.024	0	-0.208955184610914	1.04169976650935
13.847481	-0.033	0	-0.151313497611867	1.29980924979074
13.898473	-0.039	0	-0.0784760033697296	1.60031428535982
13.947456	-0.041	0	0.00800081897904438	1.85973845753419
13.998447	-0.038	0	0.107835931026954	1.7197005358537
14.049451	-0.03	0	0.183395481242985	1.18077537098921
14.097442	-0.02	0	0.226485099978767	0.786166290573265
14.146427	-0.008	0	0.259410379242995	0.320567817270326
14.197439	0.006	0	0.257086115100594	-0.377947654580784
14.247423	0.018	0	0.221915674788805	-0.770284729985991
14.296415	0.028	0	0.180977336582897	-1.12772199874006
14.347404	0.036	0	0.107974439104922	-1.49624823742439
14.397399	0.039	0	0.0300072005520668	-1.57987053184039
14.447408	0.039	0	-0.0500195039957999	-1.80061628135578
14.497398	0.034	0	-0.150045014344731	-1.57784805635293
14.547382	0.024	0	-0.207768362024953	-0.877462828689344
14.598395	0.013	0	-0.238089416863076	-0.439203324492183
14.648377	0	0	-0.252442440576334	0.0407717240777672
14.697368	-0.012	0	-0.234697641824539	0.525161198138669
14.746377	-0.023	0	-0.200970775667902	0.957307183749939
14.797354	-0.032	0	-0.137899760816353	1.39917220505951
14.847362	-0.037	0	-0.0599862037619259	1.5691325783374
14.897349	-0.038	0	0.0190051848022038	1.60050619802865
14.948358	-0.035	0	0.101700370609466	1.51735090354378
14.997347	-0.028	0	0.171148436560535	1.19983679020834
15.047349	-0.018	0	0.220027611947077	0.713813042784416
15.097337	-0.006	0	0.24252998615294	0.199043921989951
15.146326	0.006	0	0.24022508979382	-0.242259413711825
15.197324	0.018	0	0.217506756894403	-0.801140725952656
15.247308	0.028	0	0.160038416389898	-1.27525842413219
15.297308	0.034	0	0.0899973012147191	-1.40040219037372
15.347317	0.037	0	0.0199856012955297	-1.50025720860798
15.397308	0.036	0	-0.0600248103882946	-1.57912663599018
15.447289	0.031	0	-0.137883274108664	-1.37448062392704
15.498282	0.022	0	-0.19843690143318	-0.828538747453531
15.548292	0.011	0	-0.222267067535046	-0.412978876196476
15.597283	0	0	-0.239450376491559	-0.0614419560667767
15.648268	-0.013	0	-0.227232571862345	0.581040581987394
15.698261	-0.023	0	-0.181448819246889	0.963461030222055
15.74727	-0.031	0	-0.131940870403149	1.32139320336584
15.79726	-0.036	0	-0.0500155035957629	1.61961570606857
15.847261	-0.036	0	0.0300057007891021	1.50051618375637
15.897255	-0.033	0	0.100030010363624	1.40072630193003
15.947239	-0.026	0	0.170047513562968	1.1001691274954
15.997226	-0.016	0	0.210013214379186	0.599814886930354
16.047231	-0.005	0	0.230017012990283	0.221692663742682
16.09722	0.007	0	0.232186856670205	-0.300248810701791
16.146223	0.018	0	0.200965787366937	-0.834036074897187
16.197214	0.027	0	0.14798945660172	-1.20092211134223
16.247197	0.033	0	0.0800272164520142	-1.3801285201008
16.29721	0.035	0	0.00998089945301226	-1.41484750491675
16.34719	0.034	0	-0.0614466875876429	-1.50167768866863
16.396179	0.029	0	-0.138496262751437	-1.28110689714888
16.44719	0.02	0	-0.188353453810512	-0.726938876482781
16.497181	0.01	0	-0.212424337519409	-0.339962541233823
16.546165	-0.001	0	-0.222283440398541	0.0379826123813303
16.596175	-0.012	0	-0.208168194896911	0.449847635959053
16.647156	-0.022	0	-0.176524240440813	0.879211109400037
16.698146	-0.03	0	-0.118509505266446	1.35761956675737
16.747156	-0.034	0	-0.0416159967353563	1.60032857337274
16.798146	-0.034	0	0.0416501815063795	1.41406954338505
16.847129	-0.03	0	0.100614231813527	1.22042078111023
16.897143	-0.024	0	0.162502881988295	1.10035556125345
16.946124	-0.014	0	0.209824194689516	0.569993131968024
16.997116	-0.003	0	0.217860894537343	-0.00134016323712428
17.047125	0.008	0	0.209998315107309	-0.378322652321334
17.097115	0.018	0	0.180037407807639	-0.699894086299583
17.147104	0.026	0	0.140023805363299	-1.10047114190667
17.1971	0.032	0	0.0700026000680933	-1.40043009423675
17.247086	0.033	0	6.00156043554194E-06	-1.38348542520538
17.297087	0.032	0	-0.0683274519070496	-1.39469977863978
17.348095	0.026	0	-0.140928306310236	-1.11972305309093
17.397083	0.018	0	-0.181497535139965	-0.622416436752662
17.447068	0.008	0	-0.202116328607271	-0.283157290340762
17.496056	-0.002	0	-0.209777798120253	0.0365437292335555
17.547063	-0.013	0	-0.197666997844314	0.497967548832162
17.597053	-0.022	0	-0.160009211720627	0.976730744036868
17.647062	-0.029	0	-0.0999864084322395	1.30012505022174
17.697049	-0.032	0	-0.0300063011731594	1.41260396040218
17.747031	-0.032	0	0.0412300705132888	1.40280623755319
17.796024	-0.028	0	0.108880382173066	1.18437130187041
17.847031	-0.021	0	0.158859658093103	0.779042245878952
17.897017	-0.012	0	0.187964143848113	0.412420657429112
17.948027	-0.002	0	0.200161116059109	0.137473084442266
17.997018	0.008	0	0.202113875280243	-0.297630959160383
18.047001	0.018	0	0.170027029290345	-0.821167510601511
18.097012	0.025	0	0.119992012523896	-1.10018311294636
18.147	0.03	0	0.0600144034568308	-1.30010915278053
18.196988	0.031	0	-0.00998770013448743	-1.30035912325057
18.246997	0.029	0	-0.0700134061088262	-1.20058528773002
18.296986	0.024	0	-0.130043816250343	-1.07927808418684
18.346967	0.016	0	-0.17791078153828	-0.699597237678197
18.397956	0.006	0	-0.200156560614087	-0.130596115283515
18.446967	-0.004	0	-0.192156245486237	0.301698139261199
18.496956	-0.013	0	-0.170014908904779	0.511182414751157
18.54696	-0.021	0	-0.141039534233603	0.799693375744768
18.595949	-0.027	0	-0.0912933965931012	1.20675071875885
18.646936	-0.03	0	-0.0196134194752095	1.40933540285958
18.697924	-0.029	0	0.0524235880881811	1.20943134048012
18.745933	-0.025	0	0.101293060897345	0.976888578282223
18.795928	-0.019	0	0.147996215760457	0.78387380680836
18.84691	-0.01	0	0.180146699917682	0.409013261049329
18.895924	-0.001	0	0.189751331116736	0.0831862902927047
18.946911	0.009	0	0.188011463004547	-0.409253843287088
18.996896	0.018	0	0.14917252591464	-0.876708015249775
19.047886	0.024	0	0.0992834673463724	-0.981793103896948
19.0969	0.028	0	0.0510024044342953	-1.10301163889103
19.145881	0.029	0	-0.00879837512016134	-1.3069942776864
19.19688	0.027	0	-0.0800255282814782	-1.21189018386197
19.246869	0.021	0	-0.131554236668307	-0.796775431445877
19.29587	0.014	0	-0.15935619279564	-0.470936099058834
19.346854	0.005	0	-0.178250565575357	-0.201214281603899
19.39687	-0.004	0	-0.180003641690504	0.0820347024887723
19.446852	-0.013	0	-0.170055218470336	0.599944190164309
19.496838	-0.021	0	-0.120025213527247	0.995447679864454
19.546845	-0.025	0	-0.070517646837532	1.09303726773127
19.595833	-0.028	0	-0.0120278139782838	1.20911544800373
19.646839	-0.026	0	0.0504490603936829	1.01516567715162
19.695825	-0.023	0	0.0903111515424878	0.981644210460883
19.745831	-0.017	0	0.147970065330866	0.859356320212737
19.796821	-0.008	0	0.176519046616479	0.213833666549068
19.847803	0.001	0	0.169780648502864	-0.149105835548751
19.896795	0.009	0	0.161678420720079	-0.307731472654593
19.946785	0.017	0	0.139033741494393	-0.715592433221525
19.997804	0.023	0	0.0888511345303048	-0.981904550291794
20.046786	0.026	0	0.040835510258924	-1.09744392058968
20.096775	0.027	0	-0.0200024001759805	-1.20868118494592
20.146766	0.024	0	-0.0800084012322258	-1.00004606698871
20.196762	0.019	0	-0.119992003275669	-0.683403315568489
20.246769	0.012	0	-0.148348223397982	-0.482780310972509
20.297763	0.004	0	-0.168585317404739	-0.226838714032778
20.347747	-0.005	0	-0.171593969808766	0.266272635570038
20.396737	-0.013	0	-0.142873808635451	0.623506291216374
20.445739	-0.019	0	-0.110494446948499	0.837032989153666
20.496728	-0.024	0	-0.0584633977714774	1.1042536165053
20.545736	-0.025	0	-0.000398029551400662	1.08669618941684
20.595719	-0.024	0	0.0489165116105884	0.988514004630845
20.646727	-0.02	0	0.099436897812996	0.882356698035538
20.696713	-0.014	0	0.138247953933699	0.60447456042761
20.747722	-0.006	0	0.16013036745785	0.226319315626758
20.796713	0.002	0	0.161681688939265	-0.198350880681217
20.846702	0.01	0	0.14003380840416	-0.416836013670503
20.896688	0.016	0	0.120008411174267	-0.600321880708564
20.946695	0.022	0	0.0799974333505817	-1.0061686695932
20.995679	0.024	0	0.020824057095611	-1.01023074268789
21.046667	0.024	0	-0.0201884221054253	-0.901337328161616
21.096679	0.022	0	-0.070023516405909	-0.998483020662791
21.14666	0.017	0	-0.120029609571671	-0.686558790141175
21.196651	0.01	0	-0.138653892280501	-0.286050185267559
21.247651	0.003	0	-0.148741780081011	-0.228566727253659
21.29765	-0.005	0	-0.161677916067511	0.178269960417082
21.346634	-0.013	0	-0.13197418593171	0.721681861279368
21.396649	-0.018	0	-0.089991913525408	0.818557655509585
21.446637	-0.022	0	-0.0501148398688569	0.89319954185696
21.497624	-0.023	0	0.000391558478952138	1.00273892098602
21.547613	-0.022	0	0.0511136819397693	0.998708621283747
21.596624	-0.018	0	0.0992946187026408	0.801618577648359
21.647607	-0.012	0	0.130540713499723	0.499896059358141
21.696595	-0.005	0	0.14971168530046	0.199869539502532
21.747611	0.003	0	0.149735787185685	-0.188916648749916
21.796582	0.01	0	0.131581552578459	-0.49978332889295
21.84659	0.016	0	0.0999972089852436	-0.615774425626576
21.896576	0.02	0	0.0700071091141134	-0.806172778029555
21.946587	0.023	0	0.0193720369829159	-1.09788184906951
21.995576	0.022	0	-0.0385104135536773	-0.90250290858489
22.047557	0.019	0	-0.0700329351388738	-0.737691394454007
22.09655	0.015	0	-0.112236156184737	-0.715171530061253
22.145557	0.008	0	-0.140115649730707	-0.27589706827778
22.196546	0.001	0	-0.138639857734172	0.000360709089920545
22.246557	-0.006	0	-0.140023846656419	0.286230613035172
22.296529	-0.013	0	-0.110046137339867	0.600300231340781
22.346532	-0.017	0	-0.0800088055936323	0.70034421823942
22.396518	-0.021	0	-0.0400228062697611	0.903184631142017
22.446533	-0.021	0	0.0103165504004953	0.906226957568248
22.495508	-0.02	0	0.0498909692433076	0.890488200142341
22.545517	-0.016	0	0.0986329090225398	0.688445195887417
22.596516	-0.01	0	0.118857120193448	0.294536218905695
22.646499	-0.004	0	0.128581014652272	0.196023138379394
22.697485	0.003	0	0.13865237730553	-0.0821277763339972
22.74749	0.01	0	0.12083026214546	-0.489200293033458
22.796479	0.015	0	0.0904915788878392	-0.616027245078241
22.847469	0.019	0	0.0592538222235661	-0.805388475202508
22.896483	0.021	0	0.0106965495397369	-0.898551245103555
22.946466	0.02	0	-0.0295197416299946	-0.811496382418292
22.997455	0.018	0	-0.0712558795878381	-0.814167454152627
23.046456	0.013	0	-0.110945361260237	-0.597755624060232
23.096443	0.007	0	-0.130003810389695	-0.190639166855797
23.14645	0	0	-0.13000050742757	0.0873802297577302
23.19644	-0.006	0	-0.121269017732117	0.296500218956278
23.245424	-0.012	0	-0.100897361235314	0.512210911375842
23.296437	-0.016	0	-0.0696504724103851	0.600178422984061
23.345427	-0.019	0	-0.0408287429190473	0.793531788109679
23.395412	-0.02	0	0.00930185760474747	0.996702750300852
23.44642	-0.018	0	0.059818421987129	0.795403592529499
23.49641	-0.014	0	0.0900290111046106	0.501970122834933
23.54639	-0.009	0	0.110002422212689	0.399819930094838
23.596402	-0.003	0	0.130007817837414	0.211329604905941
23.646388	0.004	0	0.131144768973543	-0.201546908178363
23.695398	0.01	0	0.110489024378195	-0.519009150917553
23.74638	0.015	0	0.0788555310748118	-0.699563596803837
23.796371	0.018	0	0.0400072025922345	-0.68864016075713
23.84638	0.019	0	0.00999470035883328	-0.700083997387934
23.896354	0.019	0	-0.0299823022282616	-0.900083963043857
23.946365	0.016	0	-0.0800076068961611	-0.710623386483357
23.996355	0.011	0	-0.101057514776764	-0.29763952841894
24.045339	0.006	0	-0.109712049515492	-0.166268475257524
24.096332	0	0	-0.117637843270312	6.76204569539982E-05
24.147347	-0.006	0	-0.109698308358345	0.269343667444247
24.196318	-0.011	0	-0.0911627905562355	0.499595693995613
24.246322	-0.015	0	-0.0599980018962647	0.612551486901537
24.296312	-0.017	0	-0.0299110177729751	0.703018622230905
24.3473	-0.018	0	0.0111953405304694	0.802167761947562
24.39631	-0.016	0	0.0503197834842973	0.697218109411018
24.446293	-0.013	0	0.0800164044975156	0.596905957092815
24.496285	-0.008	0	0.109995506436704	0.399815956423129
24.546294	-0.002	0	0.119991603491352	-0.00853018109283395
24.596292	0.004	0	0.109147013267019	-0.207507031106903
24.647273	0.009	0	0.0990564000617254	-0.390246663562598
24.697264	0.014	0	0.0701201190550617	-0.592661213463471
24.74627	0.016	0	0.0404116973384926	-0.607291645736389
24.796265	0.018	0	0.00999549791029593	-0.804361007536774
24.846249	0.017	0	-0.0400032008323661	-0.800066105040454
24.896245	0.014	0	-0.0699903052236761	-0.50000904386294
24.946258	0.01	0	-0.0900052121683507	-0.310665583849899
24.996245	0.005	0	-0.101061517880794	-0.198702082220143
25.045228	0	0	-0.10971544682463	0.0101145001009828
25.096219	-0.006	0	-0.0992848204589634	0.292297526895396
25.145229	-0.01	0	-0.0808262725327547	0.398162459570561
25.195216	-0.014	0	-0.0598254340936422	0.604419950807878
25.246202	-0.016	0	-0.019424278061622	0.790430063617388
25.296215	-0.016	0	0.0200110031348801	0.784475484019658
25.346201	-0.014	0	0.0590227031631927	0.598430629905286
25.397207	-0.01	0	0.0800725960671993	0.313297502963279
25.446192	-0.006	0	0.0907434367507115	0.201656309537674
25.496184	-0.001	0	0.0999990057898278	0.0926362615017803
25.546193	0.004	0	0.100004009841164	-0.199861951330244
25.59618	0.009	0	0.0800224064979556	-0.400010076123127
25.646163	0.012	0	0.060015004723671	-0.500232115419237
25.696155	0.015	0	0.0300099015332502	-0.700124065219746
25.746164	0.015	0	-0.0100014999830043	-0.600080034309519
25.796162	0.014	0	-0.0300067020616022	-0.500238100004386
25.846149	0.012	0	-0.0600156040570601	-0.600301108324435
25.896136	0.008	0	-0.0900212050652269	-0.299965057794506
25.946125	0.003	0	-0.0900037094389588	0.000142020788804634
25.996137	-0.001	0	-0.0900070124130882	-0.000130998656480154
26.046123	-0.006	0	-0.0900168056658262	0.204780605621942
26.096121	-0.01	0	-0.0695273083134729	0.500994902076472
26.147102	-0.013	0	-0.0392458023740309	0.593301139511009
26.196115	-0.014	0	-0.0101981480151147	0.596594246302721
26.245097	-0.014	0	0.0192172064528089	0.599263950508513
26.296088	-0.012	0	0.0497068593597997	0.501022633675692
26.346097	-0.009	0	0.0700090088937947	0.414263448270495
26.396082	-0.005	0	0.0911303206121404	0.202365799374897
26.445092	0	0	0.0904673886792247	-0.114744754585573
26.496081	0.004	0	0.0792472494378325	-0.202245564792969
26.546062	0.008	0	0.0700111146685411	-0.29534378768175
26.596074	0.011	0	0.0497080817965737	-0.501033095552726
26.647053	0.013	0	0.0192256386392057	-0.596167194595503
26.696043	0.013	0	-0.00989707570764801	-0.499249786820627
26.746046	0.012	0	-0.0300017003250164	-0.501186169617426
26.796042	0.01	0	-0.0600138039311305	-0.500210057444044
26.846029	0.006	0	-0.0800160037769841	-0.199886030528911
26.896022	0.002	0	-0.0799960059751272	0.000168032819581641
26.946034	-0.002	0	-0.0799992084717473	0.104656519144021
26.996023	-0.006	0	-0.0695350654419973	0.298809619975461
27.047005	-0.009	0	-0.0496486286135235	0.390297847261687
27.096014	-0.011	0	-0.0305096835788059	0.499338680416976
27.146002	-0.012	0	-4.00184062529909E-07	0.600416686348622
27.195991	-0.011	0	0.0295181556411468	0.501336627308203
27.246982	-0.009	0	0.0504440961628225	0.40994259427943
27.29598	-0.006	0	0.0705096345899859	0.201778802620301
27.34599	-0.002	0	0.0699970066281894	-0.00491705313504563
27.395978	0.001	0	0.0700177044901412	0.000202022793949746
27.445965	0.005	0	0.0700172042810779	-0.200164039114618
27.495954	0.008	0	0.0500053038834747	-0.400213072503378
27.545962	0.01	0	0.029997101965046	-0.400019999359612
27.595951	0.011	0	0.0100045009672143	-0.400063022614672
27.645963	0.011	0	-0.0100096060194745	-0.500125022633054
27.695935	0.01	0	-0.0399920073788008	-0.500063962812494
27.745945	0.007	0	-0.0599994043378708	-0.30024607076921
27.795936	0.004	0	-0.0700207072117064	-0.100112068009254
27.845918	0	0	-0.0700097142516709	0.100126008472185
27.895931	-0.003	0	-0.0600024108972983	0.199962013436082
27.945914	-0.006	0	-0.0500143048367395	0.200006067164249
27.995906	-0.008	0	-0.0400068011642	0.300152064555845
28.045897	-0.01	0	-0.0200044009041741	0.500083040772331
28.095892	-0.01	0	0.00999530148656661	0.500058031574417
28.145906	-0.009	0	0.030002102204684	0.400180105493945
28.195899	-0.007	0	0.0500161067419653	0.300226082912516
28.245879	-0.004	0	0.060019206914702	0.106104566955374
28.295867	-0.001	0	0.0606216633710523	6.65750562166652E-05
28.344873	0.002	0	0.0600491056502868	-0.0176147229404524
28.395864	0.005	0	0.058836219757813	-0.20417173444484
28.446851	0.008	0	0.0392295235421547	-0.382509036368782
28.496844	0.009	0	0.0202064530723122	-0.39244412151922
28.545849	0.01	0	0.000401680043932566	-0.406126640562153
28.595838	0.009	0	-0.0200016009121984	-0.404122278380834
28.645841	0.008	0	-0.0400072018723325	-0.300068009240743
28.695832	0.005	0	-0.0500090016202881	-0.199971985676094
28.745823	0.003	0	-0.0600008009442005	-0.199997004574062
28.795824	-0.001	0	-0.0700071046027308	0.102938911436312
28.845808	-0.004	0	-0.0497187562059815	0.298981771691341
28.89682	-0.006	0	-0.0400332194464598	0.295176641396949
28.945807	-0.008	0	-0.0206194227044917	0.404326928107373
28.995792	-0.008	0	0	0.306320240261681
29.045795	-0.008	0	0.0100051018796327	0.300048015032998
29.095779	-0.007	0	0.0299971031974104	0.304152552283489
29.145788	-0.005	0	0.0404134360688483	0.19832198331347
29.194777	-0.003	0	0.0496507085930917	0.190006899393739
29.245766	0	0	0.0594158593696227	-0.00317670811790328
29.295779	0.003	0	0.0497062554188346	-0.195945426611107
29.346762	0.005	0	0.0396226217087047	-0.195069001795065
29.396751	0.007	0	0.0300044029042115	-0.297250494504628
29.446762	0.008	0	0.0098929581164182	-0.301025073528629
29.495735	0.008	0	0	-0.300018541148355
29.545743	0.008	0	-0.0200082019184272	-0.400016003880251
29.595732	0.006	0	-0.0400004035321073	-0.30003801425271
29.645742	0.004	0	-0.0500075068762946	-0.0972106696575473
29.695727	0.001	0	-0.0497261277274697	-0.00403373136668959
29.74671	-0.001	0	-0.0504342645647224	0.0933190335645207
29.795724	-0.004	0	-0.0408085395878205	0.210975795954897
29.845707	-0.005	0	-0.0295197416299945	0.214010416485497
29.896696	-0.007	0	-0.0192235463665132	0.298976694063118
29.945704	-0.007	0	0	0.294224103912737
29.995693	-0.007	0	0.00970949912054126	0.29915388287625
30.04668	-0.006	0	0.0304188756291671	0.406090480537447
30.095692	-0.004	0	0.050318448093266	0.201986858247547
30.145676	-0.001	0	0.050014204365406	-0.103191631398795
30.195666	0.001	0	0.0400008026081562	-0.104037595007621
30.245674	0.003	0	0.0396141193018543	-0.101945783589336
30.296659	0.005	0	0.0295191008912731	-0.192043256922215
30.346666	0.006	0	0.020207747498792	-0.19419247613226
30.395652	0.007	0	0.0103115571068364	-0.303115654546877
30.445652	0.007	0	-0.01000360100826	-0.398372592943687
30.49564	0.006	0	-0.029521112027243	-0.198203049492672
30.546625	0.004	0	-0.0296296065143943	-0.109159625002062
30.595636	0.003	0	-0.0400222571138092	-0.107059605867976
30.645613	0	0	-0.0400223876029927	0.00817811200024133
30.694608	-0.001	0	-0.0392287621029025	0.00841689977963695
30.745612	-0.004	0	-0.0392126118652393	0.188397033632765
30.796599	-0.005	0	-0.0200203539131209	0.284480398151044
30.84559	-0.006	0	-0.0104110123110646	0.300082020481666
30.89659	-0.006	0	0.0104113289467356	0.302052440025842
30.94558	-0.005	0	0.0202098355942671	0.197897109576685
30.995572	-0.004	0	0.0299953024206577	0.197894927150569
31.045583	-0.002	0	0.0400000038720025	0.100119053413373
31.095572	0	0	0.0400116037573185	-0.0999649928757988
31.145554	0.002	0	0.0300078062295838	-0.202068335310487
31.195566	0.003	0	0.0198058673818143	-0.10088386203814
31.246553	0.004	0	0.0200216534961007	0.00400735103431305
31.295538	0.005	0	0.0202073728175138	-0.198109268667493
31.345548	0.006	0	-8.40016837450523E-06	-0.4020948589978
31.395537	0.005	0	-0.0200018008381966	-0.202066530598579
31.445539	0.004	0	-0.020208088834139	-0.0992213169022679
31.494528	0.003	0	-0.0296331058944563	-0.0970201646844895
31.545511	0.001	0	-0.0295193115065681	-0.00380796960115543
31.595525	0	0	-0.0300061051656412	-0.0048891503795089
31.64551	-0.002	0	-0.0300085025257716	0.100080038926453
31.6955	-0.003	0	-0.0199996019438845	0.100095018036009
31.745512	-0.004	0	-0.0200032069151561	0.0999919760737868
31.795484	-0.005	0	-0.0100100061314958	0.297149520658606
31.8455	-0.005	0	0.00971673439074487	0.299185999666146
31.896471	-0.004	0	0.0200202788985344	0.20934550562557
31.945476	-0.003	0	0.0306184951770515	0.106204568024761
31.994463	-0.001	0	0.030431438486434	-0.00698376858571089
32.045459	0	0	0.0299072581900359	-0.00414175065548056
32.095455	0.002	0	0.0300010009478669	-0.0990323605985177
32.145465	0.003	0	0.0200006021341907	-0.199991013569307
32.195452	0.004	0	0.010002500623154	-0.200060038472381
32.245438	0.004	0	0	-0.101069421398501
32.29645	0.004	0	0	-0.106234966425144
32.345433	0.004	0	-0.0102004374951674	-0.204269686102228
32.394439	0.003	0	-0.0200159993897805	-0.0982490134437087
32.445432	0.002	0	-0.0196114963533916	-0.102164282257327
32.49642	0.001	0	-0.0304337141446116	-0.104896661261839
32.545404	-0.001	0	-0.0305200431221551	0.103153961428491
32.595422	-0.002	0	-0.0200020086665604	0.205143169703082
32.645394	-0.003	0	-0.0100073047539193	0.200098093632728
32.695383	-0.003	0	0	0.101092212941163
32.746378	-0.003	0	0	0.103027403614899
32.795383	-0.003	0	0.00990069205637467	0.202014525566392
32.845379	-0.002	0	0.0199996004079766	0.101013264183437
32.895385	-0.001	0	0.0200002006780209	5.60272130694165E-05
32.945378	0	0	0.0200052019288005	5.40159074563324E-05
32.995359	0.001	0	0.0200056019687751	-0.00199213711562197
33.04535	0.002	0	0.0198060039902566	-0.101017472514955
33.096359	0.003	0	0.00960328341914614	-0.198001620921258
33.145339	0.003	0	0	-0.195133860382965
33.195342	0.003	0	-0.00970972564401859	-0.0980279238613203
33.246333	0.002	0	-0.00970835287617977	-0.00287618138806544
33.296322	0.002	0	-0.00999440178346272	-0.104924617327852
33.346337	0.001	0	-0.0202063941727187	-0.0991142384773806
33.395322	0	0	-0.0200209153786006	0.00197697656962694
33.446313	-0.001	0	-0.0200161521774448	0.100048739205419
33.49532	-0.002	0	-0.010405148228846	0.200005920743201
33.546312	-0.002	0	0	0.0999780622046827
33.595296	-0.002	0	0	0
33.644281	-0.002	0	0	0.0941963442956024
33.695287	-0.002	0	0.00980738251516832	0.0941826095652516
33.746277	-0.001	0	0.00960938803726461	0.00110181064713225
33.795264	-0.001	0	0.00989796127929154	0.102947297371458
33.845263	0	0	0.0199982006458548	0.101045535241496
33.895273	0.001	0	0.0200012027764922	-0.100008018555451
33.945257	0.002	0	0.0100032010243295	-0.200076052101601
33.995241	0.002	0	0	-0.100094050542737
34.045255	0.002	0	0	0
34.09523	0.002	0	0	0
34.144224	0.002	0	0	-0.0970459164070001
34.195232	0.002	0	-0.0101037210810502	-0.198038675552236
34.245219	0.001	0	-0.0200010018142672	-0.0990073330086201
34.295227	0	0	-0.0199998009019732	0.100038020835897
34.34522	-0.001	0	-0.0100000996628583	0.200052030867821
34.3952	-0.001	0	0	0.00299260288058097
34.445211	-0.001	0	-0.00971308964203543	-0.0960773081340639
34.496193	-0.002	0	-0.00951069405485049	0.104017192296511
34.544181	-0.002	0	0	0.198080201310473
34.595182	-0.002	0	0.0100963907478747	0.0979943607242141
34.645191	-0.001	0	0.0100948223363022	0.00304659185836434
34.696176	-0.001	0	0.0104101450422516	0.00200505150107603
34.745165	0	0	0.0103116335859812	-0.00096286478667612
34.795175	0	0	0.0103169847583072	0.102124495534421
34.844147	0.001	0	0.0202105300096277	0.00199703505857412
34.894155	0.002	0	0.0100958104129088	-0.200145896368902
34.945147	0.002	0	0	
34.99515	0.002	0		
