MIN=0	-0.2	0	-2	-20
MAX=40	0.2	1	2	20
SCALE=40	0.5	0.5	1	10
DEC=2	3	0	2	2
"Tiempo" t / s	"Recorrido" s_A1 / m	"Fuente" S_1	"Velocidad" v / m/s	"Aceleración" a / m/s^2
0	0.003	0		
0.0490100000000098	0.027	0	0.451548594729771	
0.0999979999999709	0.048	0	0.365456509590979	-1.81640947493629
0.150007000000016	0.064	0	0.268344773224269	-2.35755302106597
0.200994999999978	0.075	0	0.126528883077375	-2.87753441655327
0.249976000000004	0.077	0	-0.0189410113109129	-2.797429181932
0.299990999999977	0.073	0	-0.150044929718069	-2.61122592061476
0.349974999999972	0.062	0	-0.28006161604869	-2.30089810881566
0.399966000000006	0.045	0	-0.380073014100728	-1.70060113408429
0.449955999999986	0.024	0	-0.450090018003493	-0.899400194085888
0.499946000000023	0	0	-0.469995045505393	0.100814090177026
0.549958000000004	-0.023	0	-0.439986446778278	0.899032650803273
0.599946999999986	-0.044	0	-0.380104632445153	1.59984015559993
0.649928999999986	-0.061	0	-0.280054453353457	2.30015159435581
0.69993999999997	-0.072	0	-0.150088260260699	2.70158274411946
0.748922999999991	-0.076	0	-0.0128232179947969	2.77688811575815
0.799913000000004	-0.073	0	0.127421483880011	2.7607852862148
0.85092400000002	-0.063	0	0.268780076768533	2.44004870563579
0.900914	-0.046	0	0.374538164392745	1.61122292172786
0.949896000000024	-0.026	0	0.429252574133743	0.917990486893014
1.00088799999997	-0.003	0	0.46549678556874	0.140956992264743
1.04889500000002	0.02	0	0.446509462576828	-0.847941472934991
1.09987799999999	0.041	0	0.378782729685329	-1.55152466052403
1.14887599999997	0.058	0	0.292254966273127	-2.1043008027734
1.19986799999998	0.07	0	0.166996872143355	-2.70061560358849
1.24988000000002	0.075	0	0.0199559995805745	-2.87002031716427
1.29986400000001	0.072	0	-0.119997603517539	-2.60029400639919
1.34986500000002	0.063	0	-0.240027606577226	-2.20110648487851
1.399857	0.048	0	-0.340096433957053	-1.7523812671882
1.449839	0.029	0	-0.415225157195369	-1.09601009277437
1.500834	0.006	0	-0.449935091175397	-0.174064278165168
1.54984400000001	-0.016	0	-0.434604472638575	0.598864533808384
1.59983999999997	-0.037	0	-0.390074127115924	1.34558727049908
1.64982299999997	-0.055	0	-0.300085829020403	2.09473304125622
1.699815	-0.067	0	-0.180647892450121	2.49987275374539
1.74882500000001	-0.073	0	-0.0528087678625905	2.707333976988
1.79981099999998	-0.072	0	0.0904734264514995	2.73457164988219
1.84981899999997	-0.064	0	0.223513122434657	2.39746922603838
1.89881100000002	-0.05	0	0.328351663954049	1.84459312460009
1.949794	-0.031	0	0.406726467475499	1.14377253142467
1.99978099999998	-0.009	0	0.44461457328773	0.232621234169334
2.04877599999998	0.013	0	0.430783710959503	-0.57815697546571
2.09977199999997	0.034	0	0.385595845802175	-1.22235195830052
2.14978600000001	0.052	0	0.307967968234247	-1.96009459396645
2.20075800000001	0.065	0	0.18686457314182	-2.46347811371541
2.25076999999999	0.071	0	0.059362697475662	-2.58821486379492
2.29975400000001	0.071	0	-0.0692794145329346	-2.62052609187898
2.34975500000002	0.064	0	-0.200018403300513	-2.30779037266101
2.39974899999999	0.051	0	-0.300051209665868	-1.80006612672415
2.44973900000002	0.034	0	-0.379997821491477	-1.3001972611708
2.49974600000002	0.013	0	-0.430056865598272	-0.601294608905293
2.54972700000002	-0.009	0	-0.440140848241511	0.400277066320409
2.59971400000001	-0.031	0	-0.390034742998108	1.3014546948996
2.64972399999999	-0.048	0	-0.309985522640022	1.80002009968014
2.69971499999997	-0.062	0	-0.210038507092367	2.300126230037
2.74970500000001	-0.069	0	-0.0800172036806977	2.60061222178834
2.79969799999998	-0.07	0	0.0499785026744455	2.60030810232553
2.84970599999997	-0.064	0	0.180016207758086	2.40073223139261
2.899699	-0.052	0	0.290060113822374	1.9451227645042
2.94968699999998	-0.035	0	0.374494087383209	1.30121753326485
2.99867999999998	-0.015	0	0.419620100635408	0.468966403432168
3.049667	0.007	0	0.419541666150694	-0.300582647618275
3.098679	0.027	0	0.390720483946005	-1.01998703368082
3.14966099999998	0.046	0	0.315813022271834	-1.79575502597554
3.19965100000002	0.059	0	0.210040908004485	-2.15835142351322
3.24964199999999	0.067	0	0.100018803624754	-2.3005751928939
3.29963700000002	0.069	0	-0.0199852011597735	-2.50039710929285
3.34964400000001	0.065	0	-0.150028310234596	-2.50091437042955
3.39963399999999	0.054	0	-0.270072520731246	-2.0006941991789
3.44961899999998	0.038	0	-0.350051719299902	-1.40015195219677
3.499617	0.019	0	-0.410058714978835	-0.700027944060349
3.54960599999998	-0.003	0	-0.420054415411992	0.20089693193129
3.599605	-0.023	0	-0.389963414648352	0.900694115718363
3.64961599999998	-0.042	0	-0.329968823348748	1.59928792108766
3.69960900000001	-0.056	0	-0.230042610559094	2.199859259493
3.749594	-0.065	0	-0.110034510928475	2.40090331498089
3.79958399999998	-0.067	0	0.00998769856664117	2.40078627603925
3.84958699999999	-0.064	0	0.130027307580444	2.43616104187775
3.89957700000002	-0.054	0	0.253585826411837	2.06123710066301
3.94858399999998	-0.039	0	0.334882564093583	1.38857057120953
4.00057600000002	-0.02	0	0.392167171146167	0.769045267103205
4.04855700000002	0	0	0.414332692752824	-0.0345778598829702
4.09956799999998	0.021	0	0.385640181912875	-0.839690996413682
4.14954999999998	0.039	0	0.330094532330963	-1.45630083919127
4.19954100000001	0.054	0	0.240043207777304	-2.00107147404695
4.24953199999999	0.063	0	0.1300234042128	-2.28791635398515
4.29952300000002	0.067	0	0.0112927548731258	-2.49806341370237
4.350526	0.064	0	-0.12251753089735	-2.41895326049402
4.399518	0.055	0	-0.231397247175679	-1.93887068253085
4.44950699999998	0.041	0	-0.313857784177247	-1.48455046939185
4.49850099999998	0.024	0	-0.378667634148939	-0.935280800619593
4.54951399999999	0.003	0	-0.405795317247009	-0.0033563375616507
4.59950800000001	-0.017	0	-0.380072818789479	0.757246211587697
4.649494	-0.035	0	-0.330089724453756	1.28529904163605
4.69948099999999	-0.05	0	-0.251577046979977	1.80247188078143
4.74849599999999	-0.06	0	-0.152087660527392	2.22432166843452
4.79948000000002	-0.065	0	-0.0283655886518751	2.49780932471546
4.84948300000002	-0.063	0	0.100020404968954	2.38431913667187
4.899474	-0.055	0	0.2100564164931	2.04007396451386
4.94945899999999	-0.042	0	0.303980772038757	1.60151847718833
4.99844899999999	-0.025	0	0.369113500218904	0.937585640883181
5.04945299999997	-0.005	0	0.396122586573223	0.135509310453362
5.099448	0.015	0	0.383587110600464	-0.634536717886537
5.14843200000001	0.033	0	0.334084978041304	-1.26075387328061
5.19842999999997	0.048	0	0.258282561896662	-1.74995204260315
5.24942099999998	0.059	0	0.156890047064153	-2.15556286668565
5.30041299999999	0.064	0	0.0384514598132637	-2.36690925040221
5.35041799999999	0.063	0	-0.0820742416645957	-2.31573998898532
5.399407	0.056	0	-0.190983044289069	-2.00395412612518
5.44939499999998	0.044	0	-0.279977235425599	-1.59040510300936
5.49940800000002	0.028	0	-0.350015647321007	-1.10063498188693
5.549395	0.009	0	-0.390056317558369	-0.300661002894493
5.59939300000002	-0.011	0	-0.380066228549513	0.600457858162329
5.64937600000002	-0.029	0	-0.330033958081028	1.18217017338907
5.699388	-0.044	0	-0.261844610316071	1.59932266188233
5.74837700000001	-0.055	0	-0.172177055237421	2.02817485110512
5.79936299999997	-0.061	0	-0.0582716577831019	2.30070823599387
5.84937400000001	-0.061	0	0.0600588384471538	2.28288649980114
5.89934499999998	-0.055	0	0.169982553808957	1.99983579022709
5.94935900000002	-0.044	0	0.259995219899868	1.60079211644022
5.99935299999999	-0.029	0	0.330082528489749	1.20140436131887
6.04933599999998	-0.011	0	0.380112434466985	0.534668551149081
6.09932299999997	0.009	0	0.383529613239767	-0.403774520791619
6.14833199999998	0.027	0	0.341054835611788	-1.15907972241276
6.19932499999999	0.043	0	0.266435567780059	-1.59715877279893
6.24931800000002	0.054	0	0.180029205256987	-1.9645741629015
6.299307	0.061	0	0.0700154033887703	-2.20055224540264
6.34929599999998	0.061	0	-0.0399776071337997	-2.20066029792757
6.39931100000001	0.057	0	-0.15005944548209	-2.10083214782758
6.44929000000002	0.046	0	-0.250055424720279	-1.70054391400947
6.49928499999999	0.032	0	-0.320060014291825	-1.10013090322335
6.54927299999997	0.014	0	-0.360054013935827	-0.499127133884105
6.59926999999999	-0.004	0	-0.369959823277788	0.0707704146745468
6.64928299999997	-0.023	0	-0.35296765863575	0.901174220850155
6.69827499999997	-0.039	0	-0.281873785793518	1.64032130498522
6.74926499999998	-0.051	0	-0.188193638945553	1.90066297601351
6.79825	-0.058	0	-0.092104386233586	2.18394506849387
6.84926000000002	-0.06	0	0.0311090352721455	2.29608390918976
6.89925	-0.055	0	0.140041212972262	1.98987643572052
6.94923399999999	-0.046	0	0.230047212355769	1.663890879536
6.99922600000002	-0.032	0	0.306388178484326	1.20105744458673
7.05023599999998	-0.015	0	0.350685909691687	0.562072435514371
7.09922699999998	0.003	0	0.363808505485301	-0.100194885500908
7.14920899999998	0.021	0	0.340032463876193	-0.857345258406714
7.19922100000002	0.037	0	0.278056217653263	-1.40961815715562
7.250203	0.049	0	0.19733572421481	-1.76871330238657
7.30019199999998	0.057	0	0.0998320847889667	-2.08802042751494
7.34920199999999	0.059	0	-0.00910958545775668	-2.12148422990065
7.39918599999999	0.056	0	-0.10998271079002	-2.04114952277563
7.44919499999997	0.048	0	-0.213211402037807	-1.80414508039388
7.49818399999998	0.035	0	-0.289114571826551	-1.30943047532643
7.54916700000001	0.019	0	-0.343141342820984	-0.69008496715487
7.60017799999997	0	0	-0.359478393746559	0.0790324495026511
7.64916899999997	-0.017	0	-0.336819162473124	0.693704827379652
7.69815299999999	-0.033	0	-0.291515899664959	1.28386077072582
7.74914200000001	-0.046	0	-0.206998687395182	1.80013494644234
7.79915499999998	-0.054	0	-0.109974316860198	1.96992327706902
7.84913899999998	-0.057	0	-0.0100140054898911	2.07849362298656
7.899135	-0.055	0	0.0978353633312892	2.09807430299955
7.95014299999997	-0.047	0	0.201779091721283	1.83481133392942
7.99913399999997	-0.035	0	0.28211729925584	1.30273409518271
8.049126	-0.019	0	0.330045806621001	0.679575457106732
8.09911999999997	-0.002	0	0.35006421429547	0.0282569621781249
8.14910800000001	0.016	0	0.332875459856349	-0.630303326670103
8.19809399999997	0.031	0	0.288248856815051	-1.15540382503204
8.25010400000002	0.045	0	0.214660561596822	-1.65951263535372
8.29908999999998	0.053	0	0.122081201098823	-1.96507274760545
8.34909399999998	0.057	0	0.0199833984775636	-2.03764676753132
8.39908300000002	0.055	0	-0.0816693364866077	-1.99675687532834
8.44806599999998	0.049	0	-0.177712810405743	-1.77011298286441
8.49908099999999	0.037	0	-0.257886271154946	-1.40647576023861
8.54906499999998	0.023	0	-0.320102432778522	-0.921727703063157
8.59904899999998	0.005	0	-0.350029546174754	-0.0991656521244257
8.64905799999997	-0.012	0	-0.329993319174271	0.599962156998364
8.69905	-0.028	0	-0.290039505891899	1.09979609427117
8.74904499999997	-0.041	0	-0.220026203490568	1.50031201258736
8.799037	-0.05	0	-0.140028408106874	1.80039405176792
8.849019	-0.055	0	-0.0400376118008534	2.10064414981189
8.89902999999998	-0.054	0	0.0700271103154325	2.0745312448204
8.94901599999997	-0.048	0	0.167415601460217	1.799265576801
9.000002	-0.037	0	0.251401472757009	1.34099890917339
9.04900900000001	-0.023	0	0.302694660609438	0.862038443586518
9.09899999999999	-0.007	0	0.336374591130173	0.269764589953013
9.14998900000001	0.011	0	0.329121145873557	-0.44364088108966
9.198983	0.026	0	0.293197049053841	-0.995790151354769
9.24898899999999	0.04	0	0.230001020169205	-1.53183546815524
9.29897299999999	0.049	0	0.14004061292632	-1.80034518547288
9.34896399999997	0.054	0	0.0500115023955183	-1.90044328708818
9.39895999999999	0.054	0	-0.0499800054386826	-1.97563205096885
9.44897199999997	0.049	0	-0.147566728173701	-1.79951372023102
9.49996799999997	0.039	0	-0.231443700509417	-1.44112841852086
9.54895099999999	0.026	0	-0.292453007647343	-1.00078098975696
9.59894099999997	0.01	0	-0.329996026399754	-0.275720475650623
9.64895100000001	-0.007	0	-0.32000603980521	0.399317774403214
9.698936	-0.022	0	-0.290076220954058	0.799756151254719
9.74892499999999	-0.036	0	-0.24004961043423	1.40084627751419
9.79891600000002	-0.046	0	-0.150018009720504	1.79863752256591
9.84892500000001	-0.051	0	-0.0601859416645235	1.80221106801019
9.89990899999998	-0.052	0	0.032004296128377	1.90932772917192
9.948916	-0.048	0	0.130337614595219	1.83021305848255
9.99890699999997	-0.039	0	0.21284128144911	1.49576174825901
10.047889	-0.027	0	0.27868649372298	1.0222538009009
10.098882	-0.011	0	0.313719354274686	0.407432500386012
10.149891	0.005	0	0.32023647564363	-0.111096346237198
10.198889	0.021	0	0.303550701423036	-0.800679589605501
10.248872	0.035	0	0.240068822632001	-1.43571768233918
10.298863	0.045	0	0.160013611264273	-1.70084535603648
10.348873	0.051	0	0.0699788062555124	-1.80005397453979
10.398859	0.052	0	-0.0199845995094237	-1.80011700061692
10.448866	0.049	0	-0.110020307478156	-1.80077630962715
10.498856	0.041	0	-0.200056817461669	-1.60088832756127
10.54884	0.029	0	-0.270069919418628	-0.999862074189998
10.598829	0.014	0	-0.300012019922254	-0.367513275134139
10.648836	-0.001	0	-0.30681144280045	0.0294458470336039
10.699824	-0.017	0	-0.296710408505164	0.653694784038556
10.749833	-0.031	0	-0.241673709447143	1.25897233694581
10.798807	-0.041	0	-0.17241811932246	1.53005566952916
10.848816	-0.048	0	-0.0899817067587544	1.82419069828014
10.898804	-0.05	0	0.00998809759840973	1.88260513662927
10.948805	-0.047	0	0.0982550488072415	1.70227974671873
10.999799	-0.04	0	0.1817834321415	1.53372692488332
11.048787	-0.029	0	0.252010265696459	1.16693586550806
11.09878	-0.015	0	0.29674651606572	0.579402145136403
11.14977	0.001	0	0.309884756881087	-0.0474718642588336
11.198768	0.016	0	0.293191811213991	-0.599540598912521
11.248771	0.03	0	0.25000400492046	-1.14129707445305
11.298764	0.041	0	0.179072220257197	-1.59978460185397
11.349746	0.048	0	0.0881042947898188	-1.78282012828408
11.398758	0.05	0	0.000795130006013419	-1.79888052972638
11.448744	0.048	0	-0.0900157029115339	-1.70833911986734
11.498735	0.041	0	-0.169998406264571	-1.40021806867765
11.54874	0.031	0	-0.230026315852362	-1.10089142078593
11.598728	0.018	0	-0.280083226116604	-0.700060240800586
11.648711	0.003	0	-0.300015051217676	-0.099514936455536
11.698723	-0.012	0	-0.290016860237677	0.480031308054764
11.748703	-0.026	0	-0.252033682317237	1.00160679432982
11.797699	-0.037	0	-0.191352690958311	1.4329241638755
11.848708	-0.045	0	-0.107935223442863	1.69187593379525
11.898697	-0.048	0	-0.0205907693607265	1.8626767351674
11.949679	-0.047	0	0.0803725764109862	1.80555275179387
11.999689	-0.04	0	0.16209222383917	1.49010294027536
12.048667	-0.031	0	0.228168960425604	1.11511410554722
12.099682	-0.017	0	0.272622703121197	0.627275184429812
12.147666	-0.004	0	0.291704414211836	0.179554137530606
12.198656	0.012	0	0.289041518735009	-0.525680837003804
12.247665	0.025	0	0.240976253836949	-1.01294276738231
12.298659	0.036	0	0.187613783874906	-1.2007895598058
12.348635	0.044	0	0.120043638724564	-1.56957026735233
12.398646	0.048	0	0.0306619299348442	-1.78485647461939
12.449627	0.047	0	-0.0602079155525969	-1.711004262454
12.49962	0.042	0	-0.142244775735026	-1.55484356192643
12.548628	0.033	0	-0.214306974664655	-1.19625418080034
12.597616	0.021	0	-0.259483864713953	-0.738397239016702
12.648599	0.007	0	-0.287376965991711	-0.196283416006829
12.698614	-0.008	0	-0.279980841719445	0.373256978150077
12.748602	-0.021	0	-0.250062315578977	0.787315266295827
12.798589	-0.033	0	-0.201269375569963	1.30322779027727
12.847598	-0.041	0	-0.121681555348968	1.62439119609548
12.898586	-0.045	0	-0.0388333191705524	1.60057738592461
12.948566	-0.045	0	0.0399740070977785	1.66625403341527
12.998581	-0.041	0	0.127790018469646	1.59764627027202
13.049564	-0.032	0	0.201023949220588	1.26709128792481
13.098549	-0.021	0	0.25512205077545	0.808464161707519
13.147552	-0.007	0	0.280233080535832	0.161153842861184
13.198545	0.007	0	0.269810288503803	-0.299766369789816
13.247554	0.02	0	0.250626909768557	-0.614970551348158
13.298529	0.032	0	0.20742646412046	-1.20137985258767
13.348536	0.041	0	0.129987808468886	-1.57318928133839
13.398523	0.045	0	0.0501179602438578	-1.60428119166288
13.449529	0.046	0	-0.0320466797007224	-1.70929947422083
13.498516	0.042	0	-0.120410477201037	-1.59998986151856
13.548524	0.034	0	-0.190017114574738	-1.16932932345375
13.598513	0.023	0	-0.237348358018939	-0.801749340689516
13.649495	0.01	0	-0.270679548939212	-0.344400886156633
13.698488	-0.004	0	-0.272986553098375	0.302885018804769
13.748497	-0.017	0	-0.239974806478668	0.745020796151581
13.798497	-0.028	0	-0.19847929644285	0.899866192848182
13.849478	-0.037	0	-0.148966818343745	1.389150198014
13.898468	-0.043	0	-0.0612363621390855	1.81460383705395
13.947457	-0.043	0	0.0288262033656724	1.6195901002954
13.99845	-0.04	0	0.0997984684362306	1.4217950387731
14.048459	-0.033	0	0.172371893119264	1.22897367581452
14.097452	-0.023	0	0.221916311751836	0.8878848236221
14.147435	-0.011	0	0.260004440366284	0.456886318734429
14.197446	0.003	0	0.267585109942116	-0.119179969756521
14.248428	0.016	0	0.247437177184323	-0.558037570826094
14.298422	0.028	0	0.211555363303312	-1.07505525297897
14.34743	0.037	0	0.141702268621364	-1.42905058159044
14.398414	0.042	0	0.0686467803296071	-1.50719802460064
14.449421	0.044	0	-0.0120217831212193	-1.59014399018206
14.498415	0.041	0	-0.0903351716634658	-1.49734313352759
14.548403	0.035	0	-0.160028805633271	-1.29695551796966
14.598395	0.025	0	-0.220004006304725	-0.927790876983516
14.648399	0.013	0	-0.252797655662759	-0.401541940493178
14.69739	0	0	-0.260264600870521	0.142874376759909
14.748377	-0.013	0	-0.237310554191113	0.599405742295611
14.798378	-0.024	0	-0.20002321402521	0.872844546457262
14.848362	-0.033	0	-0.150043513309252	1.20036011081986
14.898351	-0.039	0	-0.0800176081047536	1.40052524523647
14.948363	-0.041	0	-0.00998960211146604	1.51778445429838
14.998359	-0.04	0	0.0717692182700738	1.60519781411701
15.047343	-0.034	0	0.148953202215177	1.4032411137204
15.098334	-0.025	0	0.211351825785603	0.923635664966944
15.147344	-0.013	0	0.242483525121453	0.369956005865943
15.197329	-0.001	0	0.24745322798494	0.0729906212255319
15.248313	0.012	0	0.249799973729288	-0.377438394514787
15.297329	0.024	0	0.211343987537576	-1.00898310500741
15.348313	0.033	0	0.148000600427786	-1.20078027064283
15.398299	0.039	0	0.0900189101454566	-1.38018611008554
15.448306	0.042	0	0.00998239922339973	-1.60043313915456
15.498295	0.04	0	-0.0700180046652344	-1.39999615266012
15.548282	0.035	0	-0.129984417574888	-1.19995102634948
15.598295	0.027	0	-0.190013123469223	-1.00049805842127
15.648283	0.016	0	-0.23004520961828	-0.600621090933242
15.698275	0.004	0	-0.250061618373967	-0.100132082116475
15.748259	-0.009	0	-0.240060818438011	0.400705099164205
15.798251	-0.02	0	-0.209997515121867	0.800660227518048
15.848262	-0.03	0	-0.159984818944549	1.19992496328687
15.898248	-0.036	0	-0.0900186106223706	1.30007503057266
15.948256	-0.039	0	-0.029989501508705	1.48299389838326
15.998245	-0.039	0	0.0582655933307567	1.59324801643417
16.049227	-0.033	0	0.130536873240017	1.11726815001528
16.098218	-0.026	0	0.171134749842942	0.902243543225002
16.148225	-0.016	0	0.220008210042363	0.789030983377112
16.198217	-0.004	0	0.25004270734426	0.200235987504646
16.248208	0.009	0	0.240029205873242	-0.483672819248502
16.298206	0.02	0	0.201676778408367	-0.799429096433954
16.347195	0.029	0	0.160960741208017	-0.929379552993168
16.398187	0.036	0	0.108354831468686	-1.30204528704986
16.448191	0.04	0	0.0299884997888211	-1.58376584558257
16.498182	0.039	0	-0.0500134036370022	-1.40005511037119
16.548169	0.035	0	-0.109987812139853	-1.20016008690785
16.59818	0.028	0	-0.170027029290298	-1.00009405360646
16.648163	0.018	0	-0.210002437660039	-0.600026019086011
16.698176	0.007	0	-0.230015242253607	-0.200478067369534
16.748159	-0.005	0	-0.230061419330611	0.199756163668864
16.79815	-0.016	0	-0.210041608409688	0.611179083786261
16.848139	-0.026	0	-0.168956577359937	1.00325128376678
16.899146	-0.033	0	-0.108344212756419	1.28257773302735
16.949124	-0.037	0	-0.0396275016622359	1.49712269372597
16.998137	-0.037	0	0.0396239222742106	1.41436843497751
17.048118	-0.033	0	0.0999904221931021	1.20412380118468
17.098133	-0.027	0	0.160031236582067	1.02127281118022
17.148115	-0.017	0	0.202126461691714	0.57049219327586
17.197101	-0.007	0	0.217027572385564	0.254685547590818
17.249114	0.005	0	0.227540480091542	-0.0607585519829636
17.2981	0.016	0	0.212436181397614	-0.575672998292207
17.348082	0.026	0	0.170029331870741	-1.02443326371243
17.398093	0.033	0	0.109989815629564	-1.20018807663719
17.448076	0.037	0	0.0500177064053218	-1.30009515397785
17.498066	0.038	0	-0.0199860007275907	-1.40039116479594
17.548074	0.035	0	-0.0900186106223876	-1.30053116707076
17.59806	0.029	0	-0.150035708747135	-1.10027104908213
17.648049	0.02	0	-0.200017606293697	-0.699566002263592
17.698049	0.009	0	-0.219978006598466	-0.222881931960437
17.748059	-0.002	0	-0.222304501434894	0.0975402453808966
17.797034	-0.013	0	-0.210618105529832	0.521983883865699
17.848041	-0.023	0	-0.168940026287176	1.00039935017248
17.897025	-0.03	0	-0.11131407613828	1.19937561896885
17.948033	-0.034	0	-0.0489172315183552	1.19385809671498
17.998024	-0.035	0	0.0093236365860691	1.27444417956985
18.049004	-0.033	0	0.0799832396345458	1.31095523345487
18.099019	-0.027	0	0.14186707559867	1.02089742535287
18.148003	-0.019	0	0.181492698066322	0.690824337437545
18.197993	-0.009	0	0.210000613548756	0.385279555248409
18.248001	0.002	0	0.220013222091924	9.50359721987387E-05
18.297987	0.013	0	0.210018920143245	-0.48869762849408
18.347994	0.023	0	0.171134749842942	-0.902511681447678
18.396985	0.03	0	0.12092336198229	-1.11935662421944
18.447969	0.035	0	0.0588429514630753	-1.28860478738661
18.498958	0.036	0	-0.0104802436350324	-1.27424134052076
18.548966	0.034	0	-0.0700174086140309	-1.21521839988051
18.598952	0.029	0	-0.131993707265481	-1.04125788168347
18.647936	0.021	0	-0.173464736809675	-0.687590141618869
18.696951	0.012	0	-0.199366990335354	-0.447710866020817
18.747936	0.001	0	-0.217911295781336	0.00078356469710289
18.797929	-0.01	0	-0.200004008899811	0.463568756230341
18.847937	-0.019	0	-0.171550794929165	0.795334877548333
18.896926	-0.027	0	-0.121724866887124	1.1211349943627
18.947912	-0.031	0	-0.0590412737960068	1.10390672140931
18.9979	-0.033	0	-0.0100109020555399	1.19053278991104
19.047905	-0.032	0	0.0600108021362927	1.30005501421218
19.097898	-0.027	0	0.119994404703923	1.00012405032927
19.147905	-0.02	0	0.160017614338779	0.800696311193111
19.197892	-0.011	0	0.200059217881393	0.500357080210936
19.247876	0	0	0.210040616049957	-0.100603159274689
19.297874	0.01	0	0.189992303372638	-0.400399169441681
19.347881	0.019	0	0.169998707607126	-0.599745949951068
19.397873	0.027	0	0.130024305124158	-0.998951090586218
19.44786	0.032	0	0.0701265697727455	-1.20543019844626
19.496855	0.034	0	0.0107224854506633	-1.21348321413136
19.546862	0.033	0	-0.0500128041847502	-1.19106813640317
19.596851	0.029	0	-0.108380408599463	-1.06076239502897
19.647832	0.022	0	-0.15690389628152	-0.703780935846605
19.698822	0.013	0	-0.18014118975199	-0.447130975069091
19.747832	0.004	0	-0.201650355905416	-0.222057180070699
19.797826	-0.007	0	-0.201694761779709	0.419481449878848
19.84681	-0.016	0	-0.160971490289277	0.735550734333448
19.897802	-0.023	0	-0.128549992424348	0.805067799385103
19.947805	-0.029	0	-0.0799952026007399	1.08556624030208
19.997791	-0.031	0	-0.0200092029368646	1.20022002572201
20.047795	-0.031	0	0.0400148036768601	1.20013003080502
20.097784	-0.027	0	0.0999954068543809	1.00005800442128
20.147792	-0.021	0	0.140010009416731	0.779178201041642
20.197782	-0.013	0	0.177912423955859	0.599278640007456
20.248764	-0.003	0	0.20020194401462	0.130420775483547
20.29776	0.007	0	0.192146439999738	-0.401064226912491
20.347775	0.016	0	0.160004860182008	-0.609840171141945
20.397746	0.023	0	0.131168075637763	-0.696821264612903
20.446755	0.029	0	0.0912616743492595	-1.0152399469585
20.497741	0.032	0	0.0288384814331552	-1.20005806474274
20.546751	0.032	0	-0.0288333580676781	-1.20049718583855
20.597743	0.029	0	-0.0913097313566069	-1.10021916797926
20.646721	0.023	0	-0.139315824878528	-0.780893472202357
20.697733	0.015	0	-0.168563836938792	-0.399814906089216
20.747715	0.006	0	-0.180048616043846	-0.13289727935955
20.797706	-0.003	0	-0.181848232632785	0.0987606193981563
20.846718	-0.012	0	-0.170532293763068	0.417408747216535
20.897703	-0.02	0	-0.139357756809743	0.800002567489828
20.946684	-0.026	0	-0.0913001223699251	1.09777693765927
20.997695	-0.029	0	-0.0291055215258196	1.09952475783575
21.047676	-0.029	0	0.01998720356689	1.09131285551478
21.097691	-0.027	0	0.080028819084519	1.11586621069682
21.147673	-0.021	0	0.131576059189042	0.81630586263165
21.196665	-0.014	0	0.161243379606837	0.474225242724053
21.246669	-0.005	0	0.17825390578907	0.172188431789548
21.297664	0.004	0	0.178297973754974	-0.183963881016206
21.347644	0.013	0	0.160049619848605	-0.471703595206533
21.397636	0.02	0	0.131138263456575	-0.697166250805142
21.446644	0.026	0	0.0912617492647857	-0.915021865967344
21.497636	0.029	0	0.0392257866534632	-1.00240029666456
21.54762	0.03	0	-0.00999269767828335	-1.09229529681228
21.597619	0.028	0	-0.0699884028074664	-1.11649923915762
21.647628	0.023	0	-0.121649884643841	-0.817661396327851
21.696621	0.016	0	-0.151371727392101	-0.472732073297485
21.746609	0.008	0	-0.168172165354587	-0.267781588409564
21.797609	-0.001	0	-0.178274799912821	0.0862796935768719
21.847597	-0.01	0	-0.160028807169978	0.482559308430129
21.897593	-0.017	0	-0.130024709038641	0.605916049681873
21.947576	-0.023	0	-0.0994500768572911	0.901124817260088
21.998568	-0.027	0	-0.0384436774395953	1.19241365343719
22.047576	-0.027	0	0.0198067658263236	0.998181880654374
22.097564	-0.025	0	0.0599954037223354	0.802085232885581
22.147571	-0.021	0	0.100011207217001	0.800512241951228
22.19756	-0.015	0	0.140043414775291	0.700024239668835
22.247542	-0.007	0	0.169994741527455	0.299816090609982
22.297559	0.002	0	0.17000375684961	-0.0995078451850069
22.347535	0.01	0	0.160052824636897	-0.392746666898968
22.397526	0.018	0	0.130736240954539	-0.705222434537843
22.446537	0.023	0	0.0904649301321447	-0.818979663703238
22.497528	0.027	0	0.0488475420286361	-0.900143391194285
22.546512	0.028	0	0.000803525376423056	-0.98933740467175
22.597503	0.027	0	-0.0500963935907239	-0.998231284212189
22.647508	0.023	0	-0.100013807223567	-0.917529893709883
22.697496	0.017	0	-0.141845704216776	-0.618273927291624
22.746505	0.009	0	-0.161644830551445	-0.172718475186624
22.796498	0.001	0	-0.158485467968729	0.0318441474639316
22.84748	-0.007	0	-0.158491995327553	0.280194194498684
22.897469	-0.015	0	-0.130745278153131	0.68977451962395
22.946473	-0.02	0	-0.0904719261800722	0.819115648972639
22.997466	-0.024	0	-0.0488472201092712	0.900055364820139
23.046471	-0.025	0	-0.000794777056536303	0.884710375669885
23.097462	-0.024	0	0.0392318411050692	0.90279358190742
23.148441	-0.021	0	0.0912602571575134	0.915200203486888
23.197452	-0.015	0	0.1311494986289	0.59760243509226
23.247434	-0.008	0	0.149994536625301	0.288618253891224
23.297451	0	0	0.160004843955996	0.000390066258885264
23.347431	0.008	0	0.150048317968206	-0.310666535682655
23.39742	0.015	0	0.12894581465571	-0.50731860775759
23.448425	0.021	0	0.0986373466858979	-0.684332590754749
23.498414	0.025	0	0.0600136031207345	-0.891515396479594
23.548401	0.027	0	0.00950767888007717	-1.00243759370211
23.597416	0.026	0	-0.0392450157318132	-0.992538069719698
23.648398	0.023	0	-0.0897346815865186	-0.808734542145319
23.698388	0.017	0	-0.121261365624187	-0.51608647807409
23.747378	0.011	0	-0.141043775930508	-0.376064635069092
23.797379	0.003	0	-0.15843170998507	-0.0911093182123878
23.848388	-0.005	0	-0.149724121870998	0.272523798796522
23.897375	-0.012	0	-0.131584006901548	0.493475710176543
23.947357	-0.018	0	-0.100637724663677	0.716543448071217
23.996372	-0.022	0	-0.0608348948143368	0.909228965832136
24.047357	-0.024	0	-0.00932426486407146	0.902592585759299
24.097356	-0.023	0	0.0305228786486511	0.789824502941913
24.146338	-0.021	0	0.068867717859403	0.88309103671761
24.19733	-0.016	0	0.119220319194814	0.698693844527418
24.247338	-0.009	0	0.139998606313862	0.222545409495098
24.297331	-0.002	0	0.141480870437169	0.0997361905785949
24.346312	0.005	0	0.149729476223286	-0.0244057214967245
24.397323	0.013	0	0.138241463675878	-0.49131152562381
24.447312	0.019	0	0.100645481981239	-0.782422231896924
24.4963	0.023	0	0.0608597852915697	-0.904740771304898
24.547308	0.025	0	0.00979325263912579	-0.889918503431141
24.598297	0.024	0	-0.0299134582182612	-0.790508152930323
24.648282	0.022	0	-0.0700041017377222	-0.814314321823808
24.69828	0.017	0	-0.111331365880353	-0.61323799161929
24.747286	0.011	0	-0.131136184143863	-0.27861752661037
24.797281	0.004	0	-0.138664009872808	-0.0903691768226857
24.848269	-0.003	0	-0.140141185401692	0.178057702895425
24.89726	-0.01	0	-0.121672658922616	0.414591659096975
24.947244	-0.015	0	-0.0990315180486671	0.521688473403296
24.998259	-0.02	0	-0.0688394812848244	0.79207965755826
25.047242	-0.022	0	-0.0206227566904566	0.893490833030062
25.097231	-0.022	0	0.0194063947561424	0.806610510309039
25.14824	-0.02	0	0.0608553500919624	0.812433922070311
25.197232	-0.016	0	0.100651181840052	0.701150495752675
25.247215	-0.01	0	0.130029209131264	0.393551584189765
25.297208	-0.003	0	0.139993010456453	0.0995868932593669
25.34722	0.004	0	0.13998460642426	-0.199799937240341
25.397219	0.011	0	0.120016008687823	-0.499686005623331
25.447201	0.016	0	0.0900289097224006	-0.50023307650633
25.497188	0.02	0	0.0700092055613226	-0.60034616217245
25.547193	0.023	0	0.0299919004529263	-0.906373047522708
25.597181	0.023	0	-0.020618147555788	-0.899386306838327
25.646171	0.021	0	-0.0592509678166414	-0.691261754950204
25.69717	0.017	0	-0.0893376528772695	-0.58594292462958
25.747157	0.012	0	-0.118431022979266	-0.391986052018255
25.798172	0.005	0	-0.128534303409318	-0.113064850794095
25.84816	-0.001	0	-0.13002370496421	0.0767951739865128
25.898153	-0.008	0	-0.120855179162111	0.397119710335659
25.947135	-0.013	0	-0.0911465609511011	0.515616990832857
25.997144	-0.017	0	-0.0700024121718661	0.611418007606076
26.047123	-0.02	0	-0.0300234104804259	0.80321026100967
26.097138	-0.02	0	0.0103140319398397	0.796484744324183
26.146121	-0.019	0	0.0488474585473037	0.790118027303004
26.197112	-0.015	0	0.0893194252157245	0.601874699569422
26.24712	-0.01	0	0.110009710398711	0.307064377011973
26.297107	-0.004	0	0.120028807009697	0.112456839582742
26.347096	0.002	0	0.121252343476967	-0.0109334790943078
26.396094	0.008	0	0.119016020873467	-0.219485326796475
26.448102	0.014	0	0.0980043212018537	-0.480404725364913
26.497092	0.018	0	0.0709438496417228	-0.684298725398752
26.547074	0.021	0	0.0300135055912029	-0.809616774018849
26.597065	0.021	0	-0.00999580096378982	-0.700209125485699
26.647076	0.02	0	-0.0400048017318746	-0.700221079737882
26.69707	0.017	0	-0.0800180047373175	-0.600168040397395
26.747057	0.012	0	-0.10001300507154	-0.40003199351897
26.797057	0.007	0	-0.120016004401024	-0.289443520554782
26.847047	0	0	-0.128956674799904	0.0967215487227913
26.89804	-0.006	0	-0.109690431727157	0.378258289159461
26.947046	-0.011	0	-0.0911329267866734	0.405095746246149
26.997034	-0.015	0	-0.069535979569988	0.512411919540425
27.048016	-0.018	0	-0.039233332595945	0.690453791616188
27.098009	-0.019	0	-5.60000011836353E-06	0.809288357177716
27.148016	-0.018	0	0.0416961926862015	0.71192919192656
27.196002	-0.015	0	0.0702415967160843	0.584001694679201
27.246991	-0.011	0	0.0994304464817863	0.479356566293748
27.296989	-0.005	0	0.118833103994702	0.20832015185044
27.347993	0.001	0	0.120105906049412	-0.0876595426290648
27.396982	0.007	0	0.110512634946653	-0.300010750005226
27.447971	0.012	0	0.0896861814312808	-0.390216750033797
27.496967	0.016	0	0.0714255561033534	-0.498533741929666
27.54598	0.019	0	0.0408211087014317	-0.714567107391734
27.596968	0.02	0	-0.00039514505588813	-0.800352161661763
27.646949	0.019	0	-0.0400056013605815	-0.696242699016969
27.696942	0.016	0	-0.0699990019480991	-0.48936193800412
27.746947	0.012	0	-0.0889381619569447	-0.387236123800725
27.797936	0.007	0	-0.109124401334891	-0.21423039196735
27.847946	0.001	0	-0.110927499934282	0.0839586869400639
27.896935	-0.004	0	-0.101055141108828	0.21110048096314
27.946922	-0.009	0	-0.0900143052405663	0.31531303304264
27.996922	-0.013	0	-0.0695254811436041	0.500963450796722
28.047903	-0.016	0	-0.0392458510870851	0.695266517273786
28.096913	-0.017	0	-0.000396796590926162	0.706459060800426
28.146895	-0.016	0	0.0305186763441513	0.602240158377171
28.195888	-0.014	0	0.059241829779679	0.588008685403481
28.246896	-0.01	0	0.089327281592517	0.39994273880615
28.296887	-0.005	0	0.100018003240572	0.20688444415914
28.346878	0	0	0.110012002088438	0.0999909954096401
28.396875	0.006	0	0.110014703718049	-0.200151957556977
28.446863	0.011	0	0.0900034119955987	-0.500202999920505
28.496877	0.015	0	0.0599882081526995	-0.599957017864204
28.546866	0.017	0	0.0300059013893417	-0.499978055229141
28.596862	0.018	0	0.00999929959888233	-0.600299116241933
28.646843	0.018	0	-0.0300042002038455	-0.700273120515641
28.696832	0.015	0	-0.0600054025145983	-0.500129049430934
28.746834	0.012	0	-0.0800100029445086	-0.399974015399341
28.796825	0.007	0	-0.100000006479977	-0.200012031525688
28.846834	0.002	0	-0.100004009841193	-0.000270102727981214
28.896821	-0.003	0	-0.100027007312008	0.0999849942662543
28.946807	-0.008	0	-0.0900084108975313	0.295059731733666
28.996817	-0.012	0	-0.0705176709662737	0.498982978378234
29.0458	-0.015	0	-0.0408346764236998	0.706392210481091
29.09579	-0.016	0	-0.000399617259972348	0.707653720000268
29.146799	-0.015	0	0.0304292749650123	0.496244009178043
29.195788	-0.013	0	0.0496520160239323	0.476601733660705
29.246775	-0.01	0	0.0784213865852483	0.494405982478043
29.297788	-0.005	0	0.100077793466845	0.122331406550606
29.346779	0	0	0.0918528766579811	-0.0952758131842956
29.395771	0.004	0	0.0907425286860263	-0.0253807438562973
29.445759	0.009	0	0.0893352235914031	-0.210299584420147
29.49676	0.013	0	0.0691318155246107	-0.490290783291647
29.546744	0.016	0	0.0400128072336918	-0.691376857666857
29.596756	0.017	0	-9.19981646618897E-06	-0.600078026187078
29.646745	0.016	0	-0.0200048011682828	-0.500173090020615
29.696732	0.015	0	-0.0500141039801337	-0.600122133616505
29.746718	0.011	0	-0.0800008116723307	-0.308256972942616
29.796731	0.007	0	-0.0808237399257375	-0.099512501102294
29.84572	0.003	0	-0.0896843864881018	-0.182198935280385
29.896716	-0.002	0	-0.0990463435729564	0.101328366255055
29.946703	-0.007	0	-0.0800212056334515	0.39052102293789
29.996689	-0.01	0	-0.0600048051851914	0.400292113797732
30.046695	-0.013	0	-0.0399952025125149	0.501098856682131
30.096679	-0.014	0	-0.00990437154052698	0.598132461742672
30.145685	-0.014	0	0.0192214387117985	0.596092643620003
30.196677	-0.012	0	0.0497108375793189	0.500995070671014
30.24668	-0.009	0	0.0700093042580312	0.303088099873601
30.296668	-0.005	0	0.0800200050172391	0.10816941558153
30.346655	-0.001	0	0.0808237257642905	0.10996830155585
30.395668	0.003	0	0.0907257516051383	-0.0078402224713771
30.445657	0.008	0	0.0796337853590946	-0.308270237590831
30.496644	0.011	0	0.0594237163110559	-0.392395377533165
30.546646	0.014	0	0.039998400740175	-0.494293152697483
30.596635	0.015	0	0.0100016001839985	-0.500062034090484
30.646618	0.015	0	-0.00999500093178958	-0.492196369356545
30.696629	0.014	0	-0.0392202442046301	-0.59838959955101
30.747628	0.011	0	-0.0704662981768324	-0.400314405971127
30.796618	0.007	0	-0.0800837585722402	-0.108591735452822
30.847603	0.003	0	-0.0809656152784767	-0.00841083559391188
30.895605	-0.001	0	-0.0809677824281674	0.0240812905308165
30.946587	-0.005	0	-0.0784336958424317	0.212936998831389
30.997602	-0.009	0	-0.0592380705937832	0.384214820541365
31.046583	-0.011	0	-0.0400454093720865	0.398025900954694
31.097569	-0.013	0	-0.0194232976976133	0.604549557577083
31.147577	-0.013	0	0.0206228590338455	0.596430945316426
31.196566	-0.011	0	0.0400338271599581	0.402096919924492
31.247574	-0.009	0	0.0608555187767394	0.408063963214681
31.296566	-0.005	0	0.0808407786552456	0.190129387943871
31.346554	-0.001	0	0.0792362585512515	-0.0161458477400941
31.39755	0.003	0	0.0792427903670758	-0.0879784380704907
31.44753	0.007	0	0.0705297967997075	-0.290433652425382
31.49654	0.01	0	0.0507158192487145	-0.306127456714222
31.546527	0.012	0	0.0404178073237238	-0.303981685777587
31.595526	0.014	0	0.0208175595258405	-0.498227878654219
31.646529	0.014	0	-0.00980767113634315	-0.502473759303581
31.697517	0.013	0	-0.0304331807961712	-0.498124135921801
31.746502	0.011	0	-0.0592390104597447	-0.399972902227571
31.797515	0.007	0	-0.0696510224604652	-0.109199267051671
31.846504	0.004	0	-0.0705357128910276	-0.111025739241512
31.89649	0	0	-0.0808270570961502	0.004967489132139
31.9455	-0.004	0	-0.0704515163051151	0.219569815991622
31.996489	-0.007	0	-0.0588385276488593	0.306047439495212
32.047474	-0.01	0	-0.0392432610267227	0.384404739198587
32.096458	-0.011	0	-0.0204102480010516	0.392383978722841
32.145464	-0.012	0	-0.000793206779279429	0.504142343127292
32.196452	-0.011	0	0.0304209215136055	0.60007553838712
32.24546	-0.009	0	0.0592589721539339	0.390260733879895
32.296446	-0.005	0	0.0686448526605972	0.109724242804478
32.347435	-0.002	0	0.0704476556218174	0.0222483501442942
32.396449	0.002	0	0.070920529635904	-0.0127322309244123
32.446432	0.005	0	0.0691434018528785	-0.116095697147843
32.49742	0.009	0	0.0590347159599572	-0.391308625651721
32.54743	0.011	0	0.0299960023998207	-0.390214979320964
32.59742	0.012	0	0.0200056018246584	-0.304025621022913
32.647402	0.013	0	-0.00039638027621534	-0.508220801383629
32.696413	0.012	0	-0.0301123205330909	-0.503236439578925
32.746396	0.01	0	-0.0500114031890603	-0.299096431848737
32.796387	0.007	0	-0.0600126027546466	-0.199889007751238
32.846375	0.004	0	-0.0699961073209491	-0.10506499399374
32.896386	0	0	-0.070514642047985	0.096813061784041
32.945373	-0.003	0	-0.0606290682277603	0.209998704803455
32.995369	-0.006	0	-0.0497116247574119	0.20826418410359
33.046376	-0.008	0	-0.039614393926381	0.296107159314982
33.096363	-0.01	0	-0.0200048011362701	0.396255049122351
33.146348	-0.01	0	0	0.406339710539788
33.196362	-0.01	0	0.0206291188511724	0.503426869916032
33.245343	-0.008	0	0.0496507603657283	0.299110984087169
33.296336	-0.005	0	0.0493275617305636	0.11512178998375
33.346322	-0.003	0	0.0610334387385207	0.213038269797287
33.395318	0.001	0	0.0704559679407947	-0.00185467430546729
33.446327	0.004	0	0.0600501877517421	-0.199884234070622
33.495316	0.007	0	0.0504516501760933	-0.200004360344189
33.546304	0.009	0	0.0400377404086821	-0.300103941644905
33.595301	0.011	0	0.0208200255703926	-0.400032659328874
33.64631	0.011	0	0	-0.404163987858432
33.6963	0.011	0	-0.0200082031671878	-0.400208082629617
33.746283	0.009	0	-0.0400100031491225	-0.299923063999813
33.796275	0.007	0	-0.0499912068462121	-0.206059982896661
33.846291	0.004	0	-0.0606179573827101	-0.0994469655107643
33.895277	0.001	0	-0.0600670793481972	0.0119445007471941
33.946259	-0.002	0	-0.0594210427680695	0.101414671116677
33.99627	-0.005	0	-0.049995604839787	0.194144911719244
34.046259	-0.007	0	-0.040006801356295	0.302010187270913
34.096253	-0.009	0	-0.0197986983332126	0.404190351745121
34.145239	-0.009	0	0	0.400161246137699
34.196228	-0.009	0	0.020191032630724	0.396056672337653
34.246236	-0.007	0	0.0400004023160821	0.202239170907613
34.296227	-0.005	0	0.0404213384464988	0.198352882208478
34.345214	-0.003	0	0.0592554189345001	0.290923886384878
34.396209	0.001	0	0.0691251055232635	0.00997336243562017
34.446216	0.004	0	0.0606219667243823	-0.189067491057909
34.495204	0.007	0	0.0504467542566812	-0.30596620838176
34.546213	0.009	0	0.0296209127867612	-0.400049242927781
34.595202	0.01	0	0.0104100449892306	-0.300040019932263
34.646186	0.01	0	0	-0.202066646738901
34.696175	0.01	0	-0.00999740016397646	-0.300046007481416
34.74618	0.009	0	-0.0300060027126743	-0.407219319355148
34.796167	0.007	0	-0.0507158192487145	-0.301233081551745
34.845177	0.004	0	-0.0600459556072086	-0.0911296874907252
34.896169	0.001	0	-0.0594276187269734	
34.94616	-0.002	0		
